0 2.480469 
1 2.475586 
2 2.460938 
3 2.480469 
4 2.475586 
5 2.475586 
6 2.470703 
7 2.470703 
8 2.470703 
9 2.475586 
10 2.470703 
11 2.480469 
12 2.470703 
13 2.470703 
14 2.470703 
15 2.470703 
16 2.480469 
17 2.475586 
18 2.460938 
19 2.470703 
20 2.465820 
21 2.470703 
22 2.470703 
23 2.465820 
24 2.465820 
25 2.465820 
26 2.465820 
27 2.465820 
28 2.460938 
29 2.460938 
30 2.460938 
31 2.460938 
32 2.460938 
33 2.451172 
34 2.451172 
35 2.456055 
36 2.460938 
37 2.456055 
38 2.456055 
39 2.451172 
40 2.456055 
41 2.460938 
42 2.456055 
43 2.460938 
44 2.456055 
45 2.465820 
46 2.460938 
47 2.470703 
48 2.475586 
49 2.470703 
50 2.465820 
51 2.475586 
52 2.475586 
53 2.475586 
54 2.475586 
55 2.485352 
56 2.485352 
57 2.490234 
58 2.485352 
59 2.490234 
60 2.485352 
61 2.485352 
62 2.485352 
63 2.490234 
64 2.495117 
65 2.490234 
66 2.500000 
67 2.500000 
68 2.504883 
69 2.504883 
70 2.504883 
71 2.509766 
72 2.504883 
73 2.509766 
74 2.504883 
75 2.509766 
76 2.509766 
77 2.519531 
78 2.509766 
79 2.509766 
80 2.514648 
81 2.514648 
82 2.509766 
83 2.524414 
84 2.509766 
85 2.519531 
86 2.509766 
87 2.514648 
88 2.519531 
89 2.514648 
90 2.519531 
91 2.524414 
92 2.524414 
93 2.524414 
94 2.524414 
95 2.529297 
96 2.519531 
97 2.529297 
98 2.519531 
99 2.524414 
100 2.529297 
101 2.524414 
102 2.524414 
103 2.524414 
104 2.524414 
105 2.524414 
106 2.519531 
107 2.524414 
108 2.529297 
109 2.519531 
110 2.524414 
111 2.529297 
112 2.519531 
113 2.529297 
114 2.524414 
115 2.519531 
116 2.524414 
117 2.524414 
118 2.524414 
119 2.529297 
120 2.524414 
121 2.534180 
122 2.524414 
123 2.524414 
124 2.524414 
125 2.524414 
126 2.524414 
127 2.519531 
128 2.529297 
129 2.524414 
130 2.524414 
131 2.524414 
132 2.529297 
133 2.534180 
134 2.534180 
135 2.534180 
136 2.524414 
137 2.534180 
138 2.529297 
139 2.529297 
140 2.534180 
141 2.543945 
142 2.539062 
143 2.539062 
144 2.539062 
145 2.534180 
146 2.539062 
147 2.543945 
148 2.543945 
149 2.543945 
150 2.548828 
151 2.539062 
152 2.548828 
153 2.539062 
154 2.539062 
155 2.534180 
156 2.534180 
157 2.534180 
158 2.543945 
159 2.534180 
160 2.529297 
161 2.529297 
162 2.534180 
163 2.534180 
164 2.529297 
165 2.519531 
166 2.524414 
167 2.519531 
168 2.519531 
169 2.514648 
170 2.514648 
171 2.514648 
172 2.514648 
173 2.509766 
174 2.509766 
175 2.504883 
176 2.509766 
177 2.504883 
178 2.504883 
179 2.514648 
180 2.504883 
181 2.504883 
182 2.495117 
183 2.500000 
184 2.490234 
185 2.495117 
186 2.490234 
187 2.500000 
188 2.480469 
189 2.490234 
190 2.485352 
191 2.480469 
192 2.485352 
193 2.480469 
194 2.485352 
195 2.485352 
196 2.475586 
197 2.475586 
198 2.485352 
199 2.480469 
200 2.480469 
201 2.475586 
202 2.470703 
203 2.480469 
204 2.480469 
205 2.485352 
206 2.470703 
207 2.475586 
208 2.475586 
209 2.475586 
210 2.470703 
211 2.485352 
212 2.480469 
213 2.470703 
214 2.465820 
215 2.475586 
216 2.470703 
217 2.475586 
218 2.475586 
219 2.465820 
220 2.475586 
221 2.470703 
222 2.470703 
223 2.475586 
224 2.475586 
225 2.470703 
226 2.475586 
227 2.475586 
228 2.470703 
229 2.475586 
230 2.470703 
231 2.480469 
232 2.470703 
233 2.470703 
234 2.475586 
235 2.465820 
236 2.460938 
237 2.465820 
238 2.465820 
239 2.470703 
240 2.460938 
241 2.460938 
242 2.456055 
243 2.460938 
244 2.460938 
245 2.456055 
246 2.456055 
247 2.460938 
248 2.456055 
249 2.451172 
250 2.451172 
251 2.456055 
252 2.456055 
253 2.456055 
254 2.465820 
255 2.456055 
256 2.460938 
257 2.460938 
258 2.460938 
259 2.456055 
260 2.465820 
261 2.465820 
262 2.465820 
263 2.480469 
264 2.470703 
265 2.465820 
266 2.475586 
267 2.470703 
268 2.470703 
269 2.475586 
270 2.480469 
271 2.475586 
272 2.480469 
273 2.485352 
274 2.485352 
275 2.485352 
276 2.485352 
277 2.490234 
278 2.485352 
279 2.495117 
280 2.500000 
281 2.495117 
282 2.500000 
283 2.504883 
284 2.509766 
285 2.509766 
286 2.504883 
287 2.504883 
288 2.504883 
289 2.504883 
290 2.509766 
291 2.509766 
292 2.509766 
293 2.514648 
294 2.509766 
295 2.519531 
296 2.514648 
297 2.519531 
298 2.529297 
299 2.519531 
300 2.524414 
301 2.514648 
302 2.519531 
303 2.524414 
304 2.524414 
305 2.524414 
306 2.524414 
307 2.524414 
308 2.519531 
309 2.519531 
310 2.519531 
311 2.529297 
312 2.519531 
313 2.529297 
314 2.524414 
315 2.519531 
316 2.519531 
317 2.529297 
318 2.519531 
319 2.529297 
320 2.524414 
321 2.524414 
322 2.514648 
323 2.529297 
324 2.519531 
325 2.519531 
326 2.529297 
327 2.524414 
328 2.519531 
329 2.524414 
330 2.524414 
331 2.524414 
332 2.519531 
333 2.529297 
334 2.519531 
335 2.529297 
336 2.519531 
337 2.519531 
338 2.519531 
339 2.529297 
340 2.524414 
341 2.524414 
342 2.524414 
343 2.519531 
344 2.524414 
345 2.524414 
346 2.524414 
347 2.529297 
348 2.524414 
349 2.529297 
350 2.529297 
351 2.524414 
352 2.534180 
353 2.539062 
354 2.524414 
355 2.539062 
356 2.539062 
357 2.539062 
358 2.543945 
359 2.543945 
360 2.539062 
361 2.543945 
362 2.534180 
363 2.548828 
364 2.548828 
365 2.548828 
366 2.543945 
367 2.534180 
368 2.534180 
369 2.539062 
370 2.534180 
371 2.543945 
372 2.534180 
373 2.534180 
374 2.534180 
375 2.534180 
376 2.534180 
377 2.534180 
378 2.529297 
379 2.529297 
380 2.529297 
381 2.519531 
382 2.524414 
383 2.519531 
384 2.524414 
385 2.514648 
386 2.514648 
387 2.514648 
388 2.509766 
389 2.509766 
390 2.514648 
391 2.514648 
392 2.509766 
393 2.509766 
394 2.509766 
395 2.500000 
396 2.495117 
397 2.500000 
398 2.500000 
399 2.495117 
400 2.495117 
401 2.500000 
402 2.485352 
403 2.490234 
404 2.490234 
405 2.490234 
406 2.485352 
407 2.480469 
408 2.480469 
409 2.475586 
410 2.485352 
411 2.480469 
412 2.485352 
413 2.480469 
414 2.485352 
415 2.485352 
416 2.485352 
417 2.475586 
418 2.475586 
419 2.480469 
420 2.475586 
421 2.475586 
422 2.475586 
423 2.470703 
424 2.480469 
425 2.480469 
426 2.475586 
427 2.480469 
428 2.465820 
429 2.465820 
430 2.470703 
431 2.470703 
432 2.465820 
433 2.475586 
434 2.475586 
435 2.470703 
436 2.475586 
437 2.475586 
438 2.475586 
439 2.475586 
440 2.475586 
441 2.475586 
442 2.470703 
443 2.475586 
444 2.470703 
445 2.475586 
446 2.470703 
447 2.485352 
448 2.465820 
449 2.465820 
450 2.460938 
451 2.465820 
452 2.460938 
453 2.465820 
454 2.460938 
455 2.465820 
456 2.460938 
457 2.451172 
458 2.460938 
459 2.465820 
460 2.460938 
461 2.460938 
462 2.460938 
463 2.456055 
464 2.456055 
465 2.451172 
466 2.451172 
467 2.456055 
468 2.456055 
469 2.451172 
470 2.456055 
471 2.465820 
472 2.451172 
473 2.460938 
474 2.470703 
475 2.475586 
476 2.475586 
477 2.465820 
478 2.465820 
479 2.465820 
480 2.465820 
481 2.470703 
482 2.475586 
483 2.480469 
484 2.475586 
485 2.475586 
486 2.485352 
487 2.490234 
488 2.485352 
489 2.485352 
490 2.490234 
491 2.485352 
492 2.495117 
493 2.490234 
494 2.495117 
495 2.500000 
496 2.490234 
497 2.504883 
498 2.509766 
499 2.500000 
500 2.504883 
501 2.509766 
502 2.500000 
503 2.509766 
504 2.514648 
505 2.514648 
506 2.514648 
507 2.519531 
508 2.519531 
509 2.514648 
510 2.519531 
511 2.519531 
512 2.514648 
513 2.514648 
514 2.524414 
515 2.514648 
516 2.519531 
517 2.519531 
518 2.524414 
519 2.519531 
520 2.519531 
521 2.524414 
522 2.519531 
523 2.529297 
524 2.514648 
525 2.514648 
526 2.509766 
527 2.519531 
528 2.509766 
529 2.524414 
530 2.519531 
531 2.514648 
532 2.519531 
533 2.514648 
534 2.524414 
535 2.524414 
536 2.524414 
537 2.524414 
538 2.529297 
539 2.524414 
540 2.519531 
541 2.524414 
542 2.524414 
543 2.524414 
544 2.524414 
545 2.519531 
546 2.534180 
547 2.529297 
548 2.519531 
549 2.529297 
550 2.529297 
551 2.529297 
552 2.529297 
553 2.529297 
554 2.529297 
555 2.524414 
556 2.524414 
557 2.524414 
558 2.524414 
559 2.524414 
560 2.524414 
561 2.529297 
562 2.529297 
563 2.529297 
564 2.534180 
565 2.534180 
566 2.534180 
567 2.539062 
568 2.534180 
569 2.539062 
570 2.534180 
571 2.539062 
572 2.534180 
573 2.543945 
574 2.543945 
575 2.543945 
576 2.543945 
577 2.548828 
578 2.543945 
579 2.543945 
580 2.543945 
581 2.543945 
582 2.539062 
583 2.534180 
584 2.548828 
585 2.539062 
586 2.534180 
587 2.539062 
588 2.529297 
589 2.534180 
590 2.524414 
591 2.529297 
592 2.529297 
593 2.524414 
594 2.529297 
595 2.519531 
596 2.524414 
597 2.519531 
598 2.514648 
599 2.524414 
600 2.509766 
601 2.509766 
602 2.509766 
603 2.504883 
604 2.519531 
605 2.509766 
606 2.504883 
607 2.504883 
608 2.509766 
609 2.504883 
610 2.500000 
611 2.495117 
612 2.495117 
613 2.485352 
614 2.495117 
615 2.495117 
616 2.490234 
617 2.495117 
618 2.485352 
619 2.485352 
620 2.475586 
621 2.485352 
622 2.490234 
623 2.485352 
624 2.485352 
625 2.480469 
626 2.480469 
627 2.485352 
628 2.480469 
629 2.485352 
630 2.480469 
631 2.475586 
632 2.475586 
633 2.480469 
634 2.475586 
635 2.475586 
636 2.480469 
637 2.465820 
638 2.470703 
639 2.470703 
640 2.475586 
641 2.475586 
642 2.475586 
643 2.485352 
644 2.475586 
645 2.480469 
646 2.475586 
647 2.470703 
648 2.470703 
649 2.475586 
650 2.475586 
651 2.470703 
652 2.470703 
653 2.475586 
654 2.475586 
655 2.475586 
656 2.465820 
657 2.470703 
658 2.470703 
659 2.480469 
660 2.470703 
661 2.470703 
662 2.475586 
663 2.465820 
664 2.465820 
665 2.475586 
666 2.460938 
667 2.460938 
668 2.465820 
669 2.460938 
670 2.465820 
671 2.460938 
672 2.460938 
673 2.456055 
674 2.456055 
675 2.456055 
676 2.465820 
677 2.456055 
678 2.451172 
679 2.451172 
680 2.456055 
681 2.456055 
682 2.456055 
683 2.451172 
684 2.451172 
685 2.456055 
686 2.465820 
687 2.460938 
688 2.465820 
689 2.460938 
690 2.465820 
691 2.460938 
692 2.470703 
693 2.470703 
694 2.470703 
695 2.470703 
696 2.475586 
697 2.475586 
698 2.480469 
699 2.485352 
700 2.480469 
701 2.475586 
702 2.485352 
703 2.490234 
704 2.485352 
705 2.485352 
706 2.485352 
707 2.490234 
708 2.495117 
709 2.500000 
710 2.495117 
711 2.495117 
712 2.495117 
713 2.504883 
714 2.504883 
715 2.509766 
716 2.500000 
717 2.504883 
718 2.504883 
719 2.509766 
720 2.519531 
721 2.514648 
722 2.514648 
723 2.519531 
724 2.524414 
725 2.509766 
726 2.504883 
727 2.504883 
728 2.500000 
729 2.504883 
730 2.504883 
731 2.509766 
732 2.509766 
733 2.509766 
734 2.514648 
735 2.509766 
736 2.514648 
737 2.519531 
738 2.514648 
739 2.519531 
740 2.514648 
741 2.519531 
742 2.514648 
743 2.514648 
744 2.514648 
745 2.519531 
746 2.514648 
747 2.514648 
748 2.519531 
749 2.524414 
750 2.524414 
751 2.529297 
752 2.529297 
753 2.524414 
754 2.529297 
755 2.519531 
756 2.524414 
757 2.529297 
758 2.529297 
759 2.524414 
760 2.519531 
761 2.524414 
762 2.524414 
763 2.524414 
764 2.519531 
765 2.519531 
766 2.524414 
767 2.519531 
768 2.524414 
769 2.519531 
770 2.524414 
771 2.529297 
772 2.529297 
773 2.524414 
774 2.529297 
775 2.524414 
776 2.529297 
777 2.519531 
778 2.534180 
779 2.534180 
780 2.534180 
781 2.539062 
782 2.539062 
783 2.539062 
784 2.539062 
785 2.539062 
786 2.534180 
787 2.543945 
788 2.539062 
789 2.543945 
790 2.548828 
791 2.534180 
792 2.539062 
793 2.539062 
794 2.548828 
795 2.548828 
796 2.539062 
797 2.539062 
798 2.534180 
799 2.539062 
800 2.539062 
801 2.529297 
802 2.529297 
803 2.529297 
804 2.539062 
805 2.539062 
806 2.524414 
807 2.529297 
808 2.524414 
809 2.524414 
810 2.519531 
811 2.519531 
812 2.519531 
813 2.519531 
814 2.509766 
815 2.519531 
816 2.514648 
817 2.509766 
818 2.509766 
819 2.509766 
820 2.509766 
821 2.504883 
822 2.504883 
823 2.495117 
824 2.500000 
825 2.495117 
826 2.504883 
827 2.495117 
828 2.495117 
829 2.495117 
830 2.490234 
831 2.485352 
832 2.490234 
833 2.480469 
834 2.485352 
835 2.485352 
836 2.485352 
837 2.480469 
838 2.480469 
839 2.480469 
840 2.485352 
841 2.485352 
842 2.485352 
843 2.480469 
844 2.480469 
845 2.485352 
846 2.475586 
847 2.480469 
848 2.480469 
849 2.475586 
850 2.470703 
851 2.470703 
852 2.475586 
853 2.470703 
854 2.475586 
855 2.475586 
856 2.480469 
857 2.465820 
858 2.475586 
859 2.475586 
860 2.470703 
861 2.475586 
862 2.475586 
863 2.470703 
864 2.470703 
865 2.465820 
866 2.475586 
867 2.465820 
868 2.480469 
869 2.470703 
870 2.465820 
871 2.480469 
872 2.465820 
873 2.475586 
874 2.475586 
875 2.470703 
876 2.470703 
877 2.475586 
878 2.465820 
879 2.475586 
880 2.465820 
881 2.475586 
882 2.460938 
883 2.460938 
884 2.460938 
885 2.460938 
886 2.456055 
887 2.460938 
888 2.456055 
889 2.460938 
890 2.456055 
891 2.456055 
892 2.456055 
893 2.456055 
894 2.465820 
895 2.460938 
896 2.460938 
897 2.456055 
898 2.456055 
899 2.465820 
900 2.456055 
901 2.460938 
902 2.460938 
903 2.470703 
904 2.460938 
905 2.460938 
906 2.460938 
907 2.475586 
908 2.480469 
909 2.475586 
910 2.470703 
911 2.470703 
912 2.465820 
913 2.480469 
914 2.485352 
915 2.485352 
916 2.485352 
917 2.480469 
918 2.495117 
919 2.480469 
920 2.490234 
921 2.495117 
922 2.495117 
923 2.490234 
924 2.500000 
925 2.495117 
926 2.495117 
927 2.504883 
928 2.475586 
929 2.495117 
930 2.490234 
931 2.490234 
932 2.480469 
933 2.485352 
934 2.490234 
935 2.490234 
936 2.500000 
937 2.490234 
938 2.500000 
939 2.495117 
940 2.490234 
941 2.495117 
942 2.504883 
943 2.504883 
944 2.509766 
945 2.509766 
946 2.509766 
947 2.509766 
948 2.509766 
949 2.514648 
950 2.509766 
951 2.509766 
952 2.514648 
953 2.504883 
954 2.504883 
955 2.514648 
956 2.519531 
957 2.519531 
958 2.514648 
959 2.514648 
960 2.529297 
961 2.519531 
962 2.519531 
963 2.519531 
964 2.519531 
965 2.524414 
966 2.514648 
967 2.529297 
968 2.519531 
969 2.529297 
970 2.529297 
971 2.529297 
972 2.524414 
973 2.534180 
974 2.534180 
975 2.529297 
976 2.529297 
977 2.524414 
978 2.524414 
979 2.524414 
980 2.519531 
981 2.524414 
982 2.529297 
983 2.529297 
984 2.519531 
985 2.519531 
986 2.519531 
987 2.524414 
988 2.524414 
989 2.524414 
990 2.524414 
991 2.534180 
992 2.529297 
993 2.529297 
994 2.524414 
995 2.534180 
996 2.534180 
997 2.534180 
998 2.529297 
999 2.539062 
1000 2.539062 
1001 2.534180 
1002 2.543945 
1003 2.534180 
1004 2.543945 
1005 2.553711 
1006 2.543945 
1007 2.543945 
1008 2.543945 
1009 2.539062 
1010 2.543945 
1011 2.543945 
1012 2.539062 
1013 2.539062 
1014 2.539062 
1015 2.539062 
1016 2.539062 
1017 2.534180 
1018 2.534180 
1019 2.529297 
1020 2.529297 
1021 2.534180 
1022 2.529297 
1023 2.534180 
1024 2.519531 
1025 2.524414 
1026 2.519531 
1027 2.519531 
1028 2.514648 
1029 2.519531 
1030 2.509766 
1031 2.509766 
1032 2.509766 
1033 2.500000 
1034 2.509766 
1035 2.504883 
1036 2.504883 
1037 2.500000 
1038 2.500000 
1039 2.500000 
1040 2.495117 
1041 2.495117 
1042 2.495117 
1043 2.495117 
1044 2.495117 
1045 2.495117 
1046 2.485352 
1047 2.495117 
1048 2.495117 
1049 2.495117 
1050 2.480469 
1051 2.490234 
1052 2.485352 
1053 2.485352 
1054 2.475586 
1055 2.480469 
1056 2.480469 
1057 2.470703 
1058 2.475586 
1059 2.480469 
1060 2.475586 
1061 2.480469 
1062 2.480469 
1063 2.485352 
1064 2.480469 
1065 2.485352 
1066 2.475586 
1067 2.475586 
1068 2.475586 
1069 2.480469 
1070 2.475586 
1071 2.470703 
1072 2.470703 
1073 2.470703 
1074 2.470703 
1075 2.475586 
1076 2.465820 
1077 2.470703 
1078 2.470703 
1079 2.480469 
1080 2.475586 
1081 2.465820 
1082 2.470703 
1083 2.475586 
1084 2.465820 
1085 2.475586 
1086 2.460938 
1087 2.465820 
1088 2.470703 
1089 2.475586 
1090 2.475586 
1091 2.470703 
1092 2.475586 
1093 2.460938 
1094 2.470703 
1095 2.465820 
1096 2.460938 
1097 2.460938 
1098 2.460938 
1099 2.460938 
1100 2.460938 
1101 2.465820 
1102 2.460938 
1103 2.451172 
1104 2.460938 
1105 2.456055 
1106 2.456055 
1107 2.460938 
1108 2.456055 
1109 2.460938 
1110 2.460938 
1111 2.460938 
1112 2.451172 
1113 2.460938 
1114 2.456055 
1115 2.465820 
1116 2.460938 
1117 2.465820 
1118 2.465820 
1119 2.465820 
1120 2.465820 
1121 2.460938 
1122 2.460938 
1123 2.475586 
1124 2.475586 
1125 2.465820 
1126 2.480469 
1127 2.475586 
1128 2.490234 
1129 2.480469 
1130 2.460938 
1131 2.456055 
1132 2.460938 
1133 2.465820 
1134 2.465820 
1135 2.470703 
1136 2.470703 
1137 2.465820 
1138 2.470703 
1139 2.470703 
1140 2.475586 
1141 2.475586 
1142 2.480469 
1143 2.480469 
1144 2.480469 
1145 2.480469 
1146 2.485352 
1147 2.490234 
1148 2.485352 
1149 2.485352 
1150 2.490234 
1151 2.490234 
1152 2.500000 
1153 2.495117 
1154 2.500000 
1155 2.495117 
1156 2.500000 
1157 2.504883 
1158 2.509766 
1159 2.504883 
1160 2.504883 
1161 2.509766 
1162 2.509766 
1163 2.504883 
1164 2.514648 
1165 2.509766 
1166 2.509766 
1167 2.519531 
1168 2.509766 
1169 2.514648 
1170 2.514648 
1171 2.524414 
1172 2.514648 
1173 2.524414 
1174 2.524414 
1175 2.514648 
1176 2.519531 
1177 2.524414 
1178 2.514648 
1179 2.524414 
1180 2.524414 
1181 2.519531 
1182 2.529297 
1183 2.519531 
1184 2.524414 
1185 2.519531 
1186 2.524414 
1187 2.524414 
1188 2.529297 
1189 2.519531 
1190 2.524414 
1191 2.529297 
1192 2.524414 
1193 2.529297 
1194 2.524414 
1195 2.519531 
1196 2.514648 
1197 2.519531 
1198 2.524414 
1199 2.529297 
1200 2.514648 
1201 2.529297 
1202 2.529297 
1203 2.529297 
1204 2.524414 
1205 2.529297 
1206 2.534180 
1207 2.519531 
1208 2.534180 
1209 2.529297 
1210 2.534180 
1211 2.534180 
1212 2.534180 
1213 2.539062 
1214 2.539062 
1215 2.539062 
1216 2.539062 
1217 2.534180 
1218 2.534180 
1219 2.543945 
1220 2.543945 
1221 2.543945 
1222 2.539062 
1223 2.539062 
1224 2.543945 
1225 2.543945 
1226 2.534180 
1227 2.548828 
1228 2.539062 
1229 2.543945 
1230 2.539062 
1231 2.534180 
1232 2.534180 
1233 2.543945 
1234 2.539062 
1235 2.529297 
1236 2.519531 
1237 2.529297 
1238 2.529297 
1239 2.524414 
1240 2.524414 
1241 2.514648 
1242 2.519531 
1243 2.519531 
1244 2.514648 
1245 2.504883 
1246 2.509766 
1247 2.509766 
1248 2.509766 
1249 2.509766 
1250 2.500000 
1251 2.500000 
1252 2.504883 
1253 2.500000 
1254 2.500000 
1255 2.509766 
1256 2.495117 
1257 2.490234 
1258 2.495117 
1259 2.500000 
1260 2.495117 
1261 2.490234 
1262 2.485352 
1263 2.485352 
1264 2.480469 
1265 2.485352 
1266 2.485352 
1267 2.485352 
1268 2.480469 
1269 2.480469 
1270 2.480469 
1271 2.485352 
1272 2.480469 
1273 2.480469 
1274 2.480469 
1275 2.475586 
1276 2.480469 
1277 2.480469 
1278 2.470703 
1279 2.485352 
1280 2.475586 
1281 2.475586 
1282 2.480469 
1283 2.475586 
1284 2.470703 
1285 2.480469 
1286 2.475586 
1287 2.470703 
1288 2.470703 
1289 2.470703 
1290 2.475586 
1291 2.470703 
1292 2.475586 
1293 2.470703 
1294 2.480469 
1295 2.470703 
1296 2.475586 
1297 2.475586 
1298 2.475586 
1299 2.475586 
1300 2.465820 
1301 2.470703 
1302 2.470703 
1303 2.480469 
1304 2.465820 
1305 2.470703 
1306 2.470703 
1307 2.475586 
1308 2.465820 
1309 2.460938 
1310 2.465820 
1311 2.465820 
1312 2.460938 
1313 2.456055 
1314 2.460938 
1315 2.460938 
1316 2.465820 
1317 2.451172 
1318 2.456055 
1319 2.456055 
1320 2.456055 
1321 2.460938 
1322 2.451172 
1323 2.456055 
1324 2.456055 
1325 2.451172 
1326 2.460938 
1327 2.460938 
1328 2.456055 
1329 2.456055 
1330 2.460938 
1331 2.465820 
1332 2.460938 
1333 2.456055 
1334 2.465820 
1335 2.456055 
1336 2.465820 
1337 2.460938 
1338 2.460938 
1339 2.460938 
1340 2.460938 
1341 2.460938 
1342 2.465820 
1343 2.456055 
1344 2.470703 
1345 2.465820 
1346 2.465820 
1347 2.470703 
1348 2.470703 
1349 2.475586 
1350 2.475586 
1351 2.475586 
1352 2.475586 
1353 2.480469 
1354 2.470703 
1355 2.485352 
1356 2.475586 
1357 2.485352 
1358 2.480469 
1359 2.480469 
1360 2.490234 
1361 2.485352 
1362 2.500000 
1363 2.490234 
1364 2.490234 
1365 2.495117 
1366 2.500000 
1367 2.495117 
1368 2.500000 
1369 2.500000 
1370 2.509766 
1371 2.500000 
1372 2.504883 
1373 2.504883 
1374 2.509766 
1375 2.504883 
1376 2.514648 
1377 2.514648 
1378 2.509766 
1379 2.514648 
1380 2.509766 
1381 2.519531 
1382 2.504883 
1383 2.524414 
1384 2.553711 
1385 2.578125 
1386 2.597656 
1387 2.612305 
1388 2.617188 
1389 2.626953 
1390 2.626953 
1391 2.626953 
1392 2.612305 
1393 2.612305 
1394 2.612305 
1395 2.597656 
1396 2.578125 
1397 2.573242 
1398 2.548828 
1399 2.534180 
1400 2.524414 
1401 2.519531 
1402 2.519531 
1403 2.514648 
1404 2.519531 
1405 2.519531 
1406 2.524414 
1407 2.524414 
1408 2.519531 
1409 2.519531 
1410 2.519531 
1411 2.519531 
1412 2.519531 
1413 2.524414 
1414 2.524414 
1415 2.519531 
1416 2.519531 
1417 2.524414 
1418 2.524414 
1419 2.524414 
1420 2.524414 
1421 2.524414 
1422 2.529297 
1423 2.529297 
1424 2.529297 
1425 2.534180 
1426 2.539062 
1427 2.534180 
1428 2.534180 
1429 2.534180 
1430 2.548828 
1431 2.543945 
1432 2.539062 
1433 2.548828 
1434 2.543945 
1435 2.539062 
1436 2.539062 
1437 2.548828 
1438 2.543945 
1439 2.543945 
1440 2.543945 
1441 2.543945 
1442 2.539062 
1443 2.539062 
1444 2.539062 
1445 2.534180 
1446 2.529297 
1447 2.534180 
1448 2.524414 
1449 2.529297 
1450 2.524414 
1451 2.524414 
1452 2.524414 
1453 2.529297 
1454 2.519531 
1455 2.524414 
1456 2.514648 
1457 2.514648 
1458 2.514648 
1459 2.514648 
1460 2.514648 
1461 2.509766 
1462 2.504883 
1463 2.514648 
1464 2.504883 
1465 2.504883 
1466 2.509766 
1467 2.500000 
1468 2.504883 
1469 2.490234 
1470 2.490234 
1471 2.495117 
1472 2.490234 
1473 2.500000 
1474 2.490234 
1475 2.490234 
1476 2.490234 
1477 2.485352 
1478 2.475586 
1479 2.475586 
1480 2.480469 
1481 2.485352 
1482 2.475586 
1483 2.475586 
1484 2.451172 
1485 2.426758 
1486 2.402344 
1487 2.382812 
1488 2.368164 
1489 2.363281 
1490 2.368164 
1491 2.373047 
1492 2.373047 
1493 2.382812 
1494 2.392578 
1495 2.402344 
1496 2.412109 
1497 2.426758 
1498 2.441406 
1499 2.470703 
1500 2.465820 
1501 2.475586 
1502 2.475586 
1503 2.470703 
1504 2.480469 
1505 2.480469 
1506 2.475586 
1507 2.475586 
1508 2.475586 
1509 2.470703 
1510 2.480469 
1511 2.470703 
1512 2.480469 
1513 2.470703 
1514 2.475586 
1515 2.475586 
1516 2.470703 
1517 2.475586 
1518 2.470703 
1519 2.475586 
1520 2.470703 
1521 2.470703 
1522 2.460938 
1523 2.475586 
1524 2.470703 
1525 2.470703 
1526 2.470703 
1527 2.460938 
1528 2.470703 
1529 2.465820 
1530 2.456055 
1531 2.465820 
1532 2.460938 
1533 2.460938 
1534 2.475586 
1535 2.475586 
1536 2.475586 
1537 2.470703 
1538 2.470703 
1539 2.460938 
1540 2.460938 
1541 2.460938 
1542 2.465820 
1543 2.460938 
1544 2.465820 
1545 2.456055 
1546 2.465820 
1547 2.456055 
1548 2.460938 
1549 2.456055 
1550 2.465820 
1551 2.456055 
1552 2.456055 
1553 2.460938 
1554 2.465820 
1555 2.460938 
1556 2.460938 
1557 2.456055 
1558 2.460938 
1559 2.460938 
1560 2.470703 
1561 2.470703 
1562 2.465820 
1563 2.470703 
1564 2.470703 
1565 2.465820 
1566 2.480469 
1567 2.480469 
1568 2.480469 
1569 2.485352 
1570 2.480469 
1571 2.485352 
1572 2.490234 
1573 2.480469 
1574 2.490234 
1575 2.490234 
1576 2.490234 
1577 2.500000 
1578 2.490234 
1579 2.495117 
1580 2.495117 
1581 2.495117 
1582 2.504883 
1583 2.500000 
1584 2.495117 
1585 2.504883 
1586 2.509766 
1587 2.514648 
1588 2.504883 
1589 2.509766 
1590 2.514648 
1591 2.514648 
1592 2.509766 
1593 2.514648 
1594 2.514648 
1595 2.519531 
1596 2.529297 
1597 2.548828 
1598 2.583008 
1599 2.602539 
1600 2.617188 
1601 2.631836 
1602 2.641602 
1603 2.641602 
1604 2.636719 
1605 2.636719 
1606 2.626953 
1607 2.626953 
1608 2.607422 
1609 2.602539 
1610 2.587891 
1611 2.573242 
1612 2.548828 
1613 2.529297 
1614 2.534180 
1615 2.529297 
1616 2.524414 
1617 2.524414 
1618 2.519531 
1619 2.529297 
1620 2.524414 
1621 2.524414 
1622 2.524414 
1623 2.519531 
1624 2.524414 
1625 2.519531 
1626 2.514648 
1627 2.529297 
1628 2.519531 
1629 2.529297 
1630 2.524414 
1631 2.524414 
1632 2.524414 
1633 2.524414 
1634 2.524414 
1635 2.534180 
1636 2.529297 
1637 2.529297 
1638 2.529297 
1639 2.529297 
1640 2.539062 
1641 2.529297 
1642 2.529297 
1643 2.539062 
1644 2.529297 
1645 2.539062 
1646 2.534180 
1647 2.534180 
1648 2.539062 
1649 2.539062 
1650 2.534180 
1651 2.543945 
1652 2.539062 
1653 2.543945 
1654 2.534180 
1655 2.534180 
1656 2.534180 
1657 2.539062 
1658 2.534180 
1659 2.543945 
1660 2.534180 
1661 2.529297 
1662 2.534180 
1663 2.529297 
1664 2.529297 
1665 2.519531 
1666 2.524414 
1667 2.519531 
1668 2.524414 
1669 2.514648 
1670 2.519531 
1671 2.514648 
1672 2.514648 
1673 2.514648 
1674 2.509766 
1675 2.509766 
1676 2.504883 
1677 2.504883 
1678 2.504883 
1679 2.495117 
1680 2.509766 
1681 2.500000 
1682 2.504883 
1683 2.495117 
1684 2.495117 
1685 2.490234 
1686 2.495117 
1687 2.485352 
1688 2.495117 
1689 2.495117 
1690 2.480469 
1691 2.485352 
1692 2.485352 
1693 2.490234 
1694 2.490234 
1695 2.490234 
1696 2.470703 
1697 2.446289 
1698 2.407227 
1699 2.387695 
1700 2.368164 
1701 2.358398 
1702 2.353516 
1703 2.358398 
1704 2.353516 
1705 2.353516 
1706 2.368164 
1707 2.373047 
1708 2.382812 
1709 2.392578 
1710 2.407227 
1711 2.421875 
1712 2.431641 
1713 2.465820 
1714 2.475586 
1715 2.470703 
1716 2.470703 
1717 2.475586 
1718 2.470703 
1719 2.475586 
1720 2.465820 
1721 2.475586 
1722 2.480469 
1723 2.475586 
1724 2.475586 
1725 2.475586 
1726 2.470703 
1727 2.475586 
1728 2.475586 
1729 2.470703 
1730 2.480469 
1731 2.470703 
1732 2.470703 
1733 2.475586 
1734 2.465820 
1735 2.470703 
1736 2.475586 
1737 2.475586 
1738 2.470703 
1739 2.470703 
1740 2.475586 
1741 2.480469 
1742 2.470703 
1743 2.470703 
1744 2.470703 
1745 2.465820 
1746 2.470703 
1747 2.470703 
1748 2.475586 
1749 2.470703 
1750 2.470703 
1751 2.460938 
1752 2.465820 
1753 2.460938 
1754 2.470703 
1755 2.460938 
1756 2.465820 
1757 2.460938 
1758 2.460938 
1759 2.460938 
1760 2.465820 
1761 2.465820 
1762 2.456055 
1763 2.456055 
1764 2.451172 
1765 2.451172 
1766 2.456055 
1767 2.460938 
1768 2.460938 
1769 2.451172 
1770 2.456055 
1771 2.456055 
1772 2.470703 
1773 2.465820 
1774 2.465820 
1775 2.470703 
1776 2.475586 
1777 2.465820 
1778 2.465820 
1779 2.475586 
1780 2.475586 
1781 2.475586 
1782 2.475586 
1783 2.480469 
1784 2.480469 
1785 2.480469 
1786 2.485352 
1787 2.485352 
1788 2.480469 
1789 2.495117 
1790 2.490234 
1791 2.495117 
1792 2.490234 
1793 2.490234 
1794 2.490234 
1795 2.500000 
1796 2.504883 
1797 2.504883 
1798 2.504883 
1799 2.509766 
1800 2.504883 
1801 2.504883 
1802 2.504883 
1803 2.509766 
1804 2.519531 
1805 2.509766 
1806 2.509766 
1807 2.514648 
1808 2.509766 
1809 2.519531 
1810 2.514648 
1811 2.524414 
1812 2.553711 
1813 2.578125 
1814 2.602539 
1815 2.617188 
1816 2.626953 
1817 2.631836 
1818 2.631836 
1819 2.617188 
1820 2.617188 
1821 2.612305 
1822 2.607422 
1823 2.597656 
1824 2.583008 
1825 2.568359 
1826 2.548828 
1827 2.529297 
1828 2.524414 
1829 2.529297 
1830 2.519531 
1831 2.529297 
1832 2.519531 
1833 2.524414 
1834 2.524414 
1835 2.519531 
1836 2.524414 
1837 2.514648 
1838 2.529297 
1839 2.524414 
1840 2.519531 
1841 2.519531 
1842 2.519531 
1843 2.519531 
1844 2.529297 
1845 2.524414 
1846 2.524414 
1847 2.524414 
1848 2.529297 
1849 2.534180 
1850 2.529297 
1851 2.529297 
1852 2.534180 
1853 2.529297 
1854 2.534180 
1855 2.534180 
1856 2.534180 
1857 2.539062 
1858 2.534180 
1859 2.529297 
1860 2.543945 
1861 2.543945 
1862 2.534180 
1863 2.543945 
1864 2.539062 
1865 2.534180 
1866 2.539062 
1867 2.543945 
1868 2.548828 
1869 2.534180 
1870 2.539062 
1871 2.543945 
1872 2.529297 
1873 2.543945 
1874 2.529297 
1875 2.529297 
1876 2.534180 
1877 2.529297 
1878 2.519531 
1879 2.524414 
1880 2.514648 
1881 2.524414 
1882 2.519531 
1883 2.524414 
1884 2.519531 
1885 2.509766 
1886 2.514648 
1887 2.519531 
1888 2.509766 
1889 2.514648 
1890 2.514648 
1891 2.504883 
1892 2.504883 
1893 2.500000 
1894 2.504883 
1895 2.500000 
1896 2.504883 
1897 2.504883 
1898 2.485352 
1899 2.500000 
1900 2.495117 
1901 2.490234 
1902 2.490234 
1903 2.485352 
1904 2.490234 
1905 2.490234 
1906 2.485352 
1907 2.480469 
1908 2.495117 
1909 2.480469 
1910 2.480469 
1911 2.475586 
1912 2.446289 
1913 2.421875 
1914 2.397461 
1915 2.387695 
1916 2.377930 
1917 2.368164 
1918 2.368164 
1919 2.373047 
1920 2.373047 
1921 2.382812 
1922 2.387695 
1923 2.402344 
1924 2.416992 
1925 2.421875 
1926 2.446289 
1927 2.470703 
1928 2.475586 
1929 2.470703 
1930 2.475586 
1931 2.475586 
1932 2.470703 
1933 2.475586 
1934 2.475586 
1935 2.475586 
1936 2.475586 
1937 2.480469 
1938 2.416992 
1939 2.426758 
1940 2.446289 
1941 2.475586 
1942 2.470703 
1943 2.465820 
1944 2.470703 
1945 2.470703 
1946 2.475586 
1947 2.475586 
1948 2.470703 
1949 2.475586 
1950 2.470703 
1951 2.475586 
1952 2.480469 
1953 2.470703 
1954 2.465820 
1955 2.475586 
1956 2.475586 
1957 2.470703 
1958 2.475586 
1959 2.475586 
1960 2.470703 
1961 2.475586 
1962 2.460938 
1963 2.465820 
1964 2.465820 
1965 2.465820 
1966 2.460938 
1967 2.460938 
1968 2.460938 
1969 2.470703 
1970 2.460938 
1971 2.465820 
1972 2.460938 
1973 2.451172 
1974 2.465820 
1975 2.460938 
1976 2.465820 
1977 2.451172 
1978 2.456055 
1979 2.460938 
1980 2.465820 
1981 2.456055 
1982 2.456055 
1983 2.451172 
1984 2.460938 
1985 2.465820 
1986 2.465820 
1987 2.465820 
1988 2.460938 
1989 2.470703 
1990 2.475586 
1991 2.465820 
1992 2.475586 
1993 2.475586 
1994 2.470703 
1995 2.475586 
1996 2.475586 
1997 2.475586 
1998 2.485352 
1999 2.480469 
2000 2.490234 
2001 2.485352 
2002 2.485352 
2003 2.490234 
2004 2.485352 
2005 2.495117 
2006 2.490234 
2007 2.475586 
2008 2.495117 
2009 2.500000 
2010 2.500000 
2011 2.509766 
2012 2.500000 
2013 2.509766 
2014 2.504883 
2015 2.504883 
2016 2.509766 
2017 2.514648 
2018 2.514648 
2019 2.509766 
2020 2.504883 
2021 2.514648 
2022 2.519531 
2023 2.519531 
2024 2.519531 
2025 2.524414 
2026 2.543945 
2027 2.573242 
2028 2.587891 
2029 2.602539 
2030 2.622070 
2031 2.626953 
2032 2.626953 
2033 2.626953 
2034 2.617188 
2035 2.607422 
2036 2.597656 
2037 2.592773 
2038 2.578125 
2039 2.573242 
2040 2.548828 
2041 2.519531 
2042 2.529297 
2043 2.524414 
2044 2.524414 
2045 2.529297 
2046 2.534180 
2047 2.519531 
2048 2.514648 
2049 2.514648 
2050 2.529297 
2051 2.529297 
2052 2.524414 
2053 2.524414 
2054 2.519531 
2055 2.524414 
2056 2.529297 
2057 2.524414 
2058 2.514648 
2059 2.524414 
2060 2.524414 
2061 2.529297 
2062 2.529297 
2063 2.524414 
2064 2.529297 
2065 2.529297 
2066 2.529297 
2067 2.529297 
2068 2.529297 
2069 2.529297 
2070 2.539062 
2071 2.534180 
2072 2.539062 
2073 2.539062 
2074 2.543945 
2075 2.534180 
2076 2.539062 
2077 2.548828 
2078 2.543945 
2079 2.539062 
2080 2.543945 
2081 2.539062 
2082 2.539062 
2083 2.534180 
2084 2.543945 
2085 2.539062 
2086 2.539062 
2087 2.534180 
2088 2.534180 
2089 2.529297 
2090 2.534180 
2091 2.524414 
2092 2.524414 
2093 2.529297 
2094 2.524414 
2095 2.529297 
2096 2.524414 
2097 2.519531 
2098 2.514648 
2099 2.514648 
2100 2.514648 
2101 2.514648 
2102 2.514648 
2103 2.509766 
2104 2.509766 
2105 2.514648 
2106 2.504883 
2107 2.500000 
2108 2.504883 
2109 2.500000 
2110 2.500000 
2111 2.495117 
2112 2.495117 
2113 2.495117 
2114 2.490234 
2115 2.485352 
2116 2.485352 
2117 2.490234 
2118 2.490234 
2119 2.490234 
2120 2.490234 
2121 2.485352 
2122 2.485352 
2123 2.480469 
2124 2.485352 
2125 2.470703 
2126 2.446289 
2127 2.416992 
2128 2.397461 
2129 2.382812 
2130 2.373047 
2131 2.368164 
2132 2.373047 
2133 2.368164 
2134 2.373047 
2135 2.387695 
2136 2.387695 
2137 2.407227 
2138 2.412109 
2139 2.431641 
2140 2.441406 
2141 2.407227 
2142 2.392578 
2143 2.382812 
2144 2.363281 
2145 2.368164 
2146 2.363281 
2147 2.363281 
2148 2.377930 
2149 2.382812 
2150 2.387695 
2151 2.402344 
2152 2.407227 
2153 2.436523 
2154 2.446289 
2155 2.470703 
2156 2.475586 
2157 2.470703 
2158 2.475586 
2159 2.475586 
2160 2.480469 
2161 2.480469 
2162 2.470703 
2163 2.470703 
2164 2.470703 
2165 2.470703 
2166 2.470703 
2167 2.485352 
2168 2.470703 
2169 2.465820 
2170 2.475586 
2171 2.475586 
2172 2.475586 
2173 2.470703 
2174 2.475586 
2175 2.475586 
2176 2.470703 
2177 2.470703 
2178 2.465820 
2179 2.470703 
2180 2.475586 
2181 2.460938 
2182 2.465820 
2183 2.460938 
2184 2.460938 
2185 2.465820 
2186 2.456055 
2187 2.460938 
2188 2.456055 
2189 2.451172 
2190 2.451172 
2191 2.451172 
2192 2.460938 
2193 2.465820 
2194 2.456055 
2195 2.451172 
2196 2.465820 
2197 2.460938 
2198 2.460938 
2199 2.460938 
2200 2.460938 
2201 2.460938 
2202 2.470703 
2203 2.470703 
2204 2.470703 
2205 2.475586 
2206 2.475586 
2207 2.470703 
2208 2.475586 
2209 2.485352 
2210 2.475586 
2211 2.485352 
2212 2.480469 
2213 2.485352 
2214 2.485352 
2215 2.485352 
2216 2.490234 
2217 2.490234 
2218 2.485352 
2219 2.490234 
2220 2.490234 
2221 2.495117 
2222 2.495117 
2223 2.500000 
2224 2.495117 
2225 2.504883 
2226 2.500000 
2227 2.509766 
2228 2.504883 
2229 2.509766 
2230 2.509766 
2231 2.509766 
2232 2.509766 
2233 2.509766 
2234 2.509766 
2235 2.509766 
2236 2.519531 
2237 2.514648 
2238 2.514648 
2239 2.534180 
2240 2.568359 
2241 2.597656 
2242 2.607422 
2243 2.631836 
2244 2.626953 
2245 2.636719 
2246 2.636719 
2247 2.626953 
2248 2.622070 
2249 2.612305 
2250 2.612305 
2251 2.597656 
2252 2.587891 
2253 2.578125 
2254 2.558594 
2255 2.534180 
2256 2.529297 
2257 2.519531 
2258 2.519531 
2259 2.529297 
2260 2.519531 
2261 2.529297 
2262 2.524414 
2263 2.524414 
2264 2.519531 
2265 2.524414 
2266 2.519531 
2267 2.519531 
2268 2.519531 
2269 2.524414 
2270 2.529297 
2271 2.529297 
2272 2.534180 
2273 2.529297 
2274 2.514648 
2275 2.529297 
2276 2.529297 
2277 2.529297 
2278 2.529297 
2279 2.529297 
2280 2.534180 
2281 2.539062 
2282 2.529297 
2283 2.529297 
2284 2.524414 
2285 2.539062 
2286 2.534180 
2287 2.539062 
2288 2.539062 
2289 2.534180 
2290 2.539062 
2291 2.534180 
2292 2.539062 
2293 2.539062 
2294 2.539062 
2295 2.548828 
2296 2.543945 
2297 2.539062 
2298 2.534180 
2299 2.529297 
2300 2.529297 
2301 2.534180 
2302 2.539062 
2303 2.534180 
2304 2.534180 
2305 2.534180 
2306 2.524414 
2307 2.524414 
2308 2.519531 
2309 2.524414 
2310 2.519531 
2311 2.519531 
2312 2.519531 
2313 2.519531 
2314 2.514648 
2315 2.514648 
2316 2.509766 
2317 2.514648 
2318 2.509766 
2319 2.514648 
2320 2.500000 
2321 2.509766 
2322 2.500000 
2323 2.504883 
2324 2.500000 
2325 2.495117 
2326 2.500000 
2327 2.495117 
2328 2.490234 
2329 2.495117 
2330 2.495117 
2331 2.490234 
2332 2.490234 
2333 2.485352 
2334 2.490234 
2335 2.485352 
2336 2.485352 
2337 2.485352 
2338 2.485352 
2339 2.470703 
2340 2.436523 
2341 2.402344 
2342 2.490234 
2343 2.490234 
2344 2.490234 
2345 2.490234 
2346 2.485352 
2347 2.485352 
2348 2.480469 
2349 2.485352 
2350 2.485352 
2351 2.485352 
2352 2.480469 
2353 2.480469 
2354 2.456055 
2355 2.431641 
2356 2.407227 
2357 2.392578 
2358 2.382812 
2359 2.368164 
2360 2.373047 
2361 2.363281 
2362 2.368164 
2363 2.382812 
2364 2.377930 
2365 2.402344 
2366 2.407227 
2367 2.421875 
2368 2.436523 
2369 2.465820 
2370 2.470703 
2371 2.480469 
2372 2.470703 
2373 2.475586 
2374 2.470703 
2375 2.470703 
2376 2.470703 
2377 2.480469 
2378 2.475586 
2379 2.470703 
2380 2.470703 
2381 2.470703 
2382 2.480469 
2383 2.470703 
2384 2.470703 
2385 2.475586 
2386 2.475586 
2387 2.470703 
2388 2.470703 
2389 2.470703 
2390 2.475586 
2391 2.465820 
2392 2.475586 
2393 2.465820 
2394 2.470703 
2395 2.470703 
2396 2.460938 
2397 2.460938 
2398 2.465820 
2399 2.465820 
2400 2.460938 
2401 2.460938 
2402 2.460938 
2403 2.465820 
2404 2.460938 
2405 2.456055 
2406 2.456055 
2407 2.460938 
2408 2.460938 
2409 2.465820 
2410 2.456055 
2411 2.460938 
2412 2.460938 
2413 2.460938 
2414 2.465820 
2415 2.465820 
2416 2.460938 
2417 2.465820 
2418 2.465820 
2419 2.470703 
2420 2.465820 
2421 2.465820 
2422 2.480469 
2423 2.475586 
2424 2.480469 
2425 2.475586 
2426 2.480469 
2427 2.480469 
2428 2.475586 
2429 2.490234 
2430 2.480469 
2431 2.490234 
2432 2.490234 
2433 2.485352 
2434 2.495117 
2435 2.500000 
2436 2.490234 
2437 2.495117 
2438 2.504883 
2439 2.495117 
2440 2.500000 
2441 2.504883 
2442 2.504883 
2443 2.504883 
2444 2.509766 
2445 2.514648 
2446 2.500000 
2447 2.509766 
2448 2.514648 
2449 2.514648 
2450 2.514648 
2451 2.514648 
2452 2.519531 
2453 2.529297 
2454 2.543945 
2455 2.568359 
2456 2.592773 
2457 2.607422 
2458 2.622070 
2459 2.626953 
2460 2.626953 
2461 2.631836 
2462 2.622070 
2463 2.617188 
2464 2.607422 
2465 2.597656 
2466 2.592773 
2467 2.573242 
2468 2.563477 
2469 2.539062 
2470 2.519531 
2471 2.524414 
2472 2.519531 
2473 2.524414 
2474 2.524414 
2475 2.529297 
2476 2.524414 
2477 2.524414 
2478 2.524414 
2479 2.529297 
2480 2.524414 
2481 2.529297 
2482 2.519531 
2483 2.524414 
2484 2.529297 
2485 2.524414 
2486 2.524414 
2487 2.524414 
2488 2.529297 
2489 2.524414 
2490 2.529297 
2491 2.524414 
2492 2.524414 
2493 2.519531 
2494 2.529297 
2495 2.529297 
2496 2.529297 
2497 2.529297 
2498 2.539062 
2499 2.534180 
2500 2.534180 
2501 2.539062 
2502 2.539062 
2503 2.534180 
2504 2.543945 
2505 2.543945 
2506 2.529297 
2507 2.543945 
2508 2.548828 
2509 2.539062 
2510 2.534180 
2511 2.539062 
2512 2.529297 
2513 2.539062 
2514 2.529297 
2515 2.534180 
2516 2.534180 
2517 2.524414 
2518 2.529297 
2519 2.534180 
2520 2.524414 
2521 2.519531 
2522 2.524414 
2523 2.524414 
2524 2.519531 
2525 2.514648 
2526 2.519531 
2527 2.519531 
2528 2.504883 
2529 2.514648 
2530 2.514648 
2531 2.514648 
2532 2.509766 
2533 2.509766 
2534 2.514648 
2535 2.504883 
2536 2.504883 
2537 2.504883 
2538 2.495117 
2539 2.495117 
2540 2.500000 
2541 2.490234 
2542 2.490234 
2543 2.490234 
2544 2.509766 
2545 2.519531 
2546 2.509766 
2547 2.509766 
2548 2.504883 
2549 2.504883 
2550 2.504883 
2551 2.500000 
2552 2.500000 
2553 2.504883 
2554 2.495117 
2555 2.504883 
2556 2.495117 
2557 2.495117 
2558 2.485352 
2559 2.490234 
2560 2.490234 
2561 2.490234 
2562 2.490234 
2563 2.490234 
2564 2.480469 
2565 2.485352 
2566 2.475586 
2567 2.485352 
2568 2.465820 
2569 2.431641 
2570 2.402344 
2571 2.387695 
2572 2.373047 
2573 2.368164 
2574 2.368164 
2575 2.368164 
2576 2.373047 
2577 2.382812 
2578 2.382812 
2579 2.397461 
2580 2.416992 
2581 2.416992 
2582 2.436523 
2583 2.456055 
2584 2.475586 
2585 2.475586 
2586 2.480469 
2587 2.480469 
2588 2.470703 
2589 2.470703 
2590 2.475586 
2591 2.480469 
2592 2.480469 
2593 2.470703 
2594 2.470703 
2595 2.475586 
2596 2.470703 
2597 2.465820 
2598 2.475586 
2599 2.475586 
2600 2.475586 
2601 2.475586 
2602 2.465820 
2603 2.470703 
2604 2.470703 
2605 2.480469 
2606 2.475586 
2607 2.465820 
2608 2.460938 
2609 2.465820 
2610 2.465820 
2611 2.465820 
2612 2.460938 
2613 2.465820 
2614 2.460938 
2615 2.460938 
2616 2.465820 
2617 2.465820 
2618 2.456055 
2619 2.456055 
2620 2.456055 
2621 2.451172 
2622 2.460938 
2623 2.451172 
2624 2.460938 
2625 2.456055 
2626 2.460938 
2627 2.470703 
2628 2.460938 
2629 2.465820 
2630 2.465820 
2631 2.460938 
2632 2.465820 
2633 2.465820 
2634 2.470703 
2635 2.470703 
2636 2.475586 
2637 2.480469 
2638 2.475586 
2639 2.480469 
2640 2.475586 
2641 2.475586 
2642 2.485352 
2643 2.480469 
2644 2.480469 
2645 2.490234 
2646 2.490234 
2647 2.490234 
2648 2.490234 
2649 2.490234 
2650 2.500000 
2651 2.495117 
2652 2.500000 
2653 2.504883 
2654 2.500000 
2655 2.500000 
2656 2.509766 
2657 2.514648 
2658 2.514648 
2659 2.514648 
2660 2.509766 
2661 2.504883 
2662 2.514648 
2663 2.509766 
2664 2.509766 
2665 2.519531 
2666 2.514648 
2667 2.519531 
2668 2.534180 
2669 2.568359 
2670 2.578125 
2671 2.602539 
2672 2.622070 
2673 2.622070 
2674 2.622070 
2675 2.622070 
2676 2.622070 
2677 2.612305 
2678 2.607422 
2679 2.607422 
2680 2.583008 
2681 2.583008 
2682 2.563477 
2683 2.539062 
2684 2.519531 
2685 2.529297 
2686 2.519531 
2687 2.524414 
2688 2.534180 
2689 2.529297 
2690 2.529297 
2691 2.519531 
2692 2.529297 
2693 2.524414 
2694 2.524414 
2695 2.524414 
2696 2.524414 
2697 2.519531 
2698 2.524414 
2699 2.524414 
2700 2.524414 
2701 2.524414 
2702 2.519531 
2703 2.534180 
2704 2.524414 
2705 2.529297 
2706 2.524414 
2707 2.529297 
2708 2.534180 
2709 2.534180 
2710 2.534180 
2711 2.534180 
2712 2.534180 
2713 2.534180 
2714 2.543945 
2715 2.539062 
2716 2.534180 
2717 2.543945 
2718 2.539062 
2719 2.543945 
2720 2.534180 
2721 2.539062 
2722 2.539062 
2723 2.534180 
2724 2.539062 
2725 2.543945 
2726 2.539062 
2727 2.539062 
2728 2.534180 
2729 2.534180 
2730 2.534180 
2731 2.529297 
2732 2.534180 
2733 2.529297 
2734 2.529297 
2735 2.524414 
2736 2.524414 
2737 2.524414 
2738 2.519531 
2739 2.514648 
2740 2.524414 
2741 2.519531 
2742 2.514648 
2743 2.519531 
2744 2.509766 
2745 2.514648 
2746 2.534180 
2747 2.534180 
2748 2.529297 
2749 2.524414 
2750 2.524414 
2751 2.524414 
2752 2.519531 
2753 2.519531 
2754 2.524414 
2755 2.509766 
2756 2.514648 
2757 2.509766 
2758 2.509766 
2759 2.509766 
2760 2.509766 
2761 2.514648 
2762 2.504883 
2763 2.504883 
2764 2.509766 
2765 2.495117 
2766 2.490234 
2767 2.500000 
2768 2.495117 
2769 2.495117 
2770 2.500000 
2771 2.490234 
2772 2.485352 
2773 2.495117 
2774 2.490234 
2775 2.485352 
2776 2.485352 
2777 2.485352 
2778 2.485352 
2779 2.485352 
2780 2.490234 
2781 2.480469 
2782 2.475586 
2783 2.446289 
2784 2.416992 
2785 2.402344 
2786 2.377930 
2787 2.373047 
2788 2.373047 
2789 2.373047 
2790 2.373047 
2791 2.373047 
2792 2.382812 
2793 2.387695 
2794 2.392578 
2795 2.416992 
2796 2.436523 
2797 2.446289 
2798 2.475586 
2799 2.470703 
2800 2.475586 
2801 2.475586 
2802 2.475586 
2803 2.480469 
2804 2.475586 
2805 2.475586 
2806 2.475586 
2807 2.475586 
2808 2.475586 
2809 2.475586 
2810 2.470703 
2811 2.470703 
2812 2.465820 
2813 2.470703 
2814 2.475586 
2815 2.470703 
2816 2.475586 
2817 2.470703 
2818 2.470703 
2819 2.475586 
2820 2.465820 
2821 2.460938 
2822 2.475586 
2823 2.460938 
2824 2.465820 
2825 2.465820 
2826 2.465820 
2827 2.460938 
2828 2.465820 
2829 2.460938 
2830 2.456055 
2831 2.465820 
2832 2.465820 
2833 2.456055 
2834 2.456055 
2835 2.460938 
2836 2.456055 
2837 2.465820 
2838 2.456055 
2839 2.456055 
2840 2.460938 
2841 2.460938 
2842 2.465820 
2843 2.460938 
2844 2.456055 
2845 2.470703 
2846 2.470703 
2847 2.475586 
2848 2.480469 
2849 2.470703 
2850 2.475586 
2851 2.480469 
2852 2.475586 
2853 2.480469 
2854 2.480469 
2855 2.480469 
2856 2.480469 
2857 2.480469 
2858 2.485352 
2859 2.485352 
2860 2.485352 
2861 2.495117 
2862 2.490234 
2863 2.495117 
2864 2.495117 
2865 2.495117 
2866 2.500000 
2867 2.500000 
2868 2.500000 
2869 2.504883 
2870 2.500000 
2871 2.504883 
2872 2.514648 
2873 2.514648 
2874 2.504883 
2875 2.514648 
2876 2.509766 
2877 2.514648 
2878 2.504883 
2879 2.514648 
2880 2.514648 
2881 2.514648 
2882 2.524414 
2883 2.558594 
2884 2.573242 
2885 2.602539 
2886 2.607422 
2887 2.626953 
2888 2.631836 
2889 2.622070 
2890 2.622070 
2891 2.612305 
2892 2.602539 
2893 2.597656 
2894 2.587891 
2895 2.587891 
2896 2.573242 
2897 2.553711 
2898 2.534180 
2899 2.524414 
2900 2.514648 
2901 2.519531 
2902 2.524414 
2903 2.529297 
2904 2.524414 
2905 2.529297 
2906 2.519531 
2907 2.519531 
2908 2.524414 
2909 2.529297 
2910 2.519531 
2911 2.524414 
2912 2.519531 
2913 2.519531 
2914 2.519531 
2915 2.519531 
2916 2.524414 
2917 2.529297 
2918 2.524414 
2919 2.524414 
2920 2.534180 
2921 2.534180 
2922 2.534180 
2923 2.534180 
2924 2.539062 
2925 2.534180 
2926 2.534180 
2927 2.539062 
2928 2.534180 
2929 2.534180 
2930 2.539062 
2931 2.529297 
2932 2.539062 
2933 2.534180 
2934 2.539062 
2935 2.548828 
2936 2.543945 
2937 2.539062 
2938 2.543945 
2939 2.534180 
2940 2.543945 
2941 2.539062 
2942 2.539062 
2943 2.539062 
2944 2.529297 
2945 2.534180 
2946 2.534180 
2947 2.529297 
2948 2.548828 
2949 2.539062 
2950 2.543945 
2951 2.543945 
2952 2.534180 
2953 2.534180 
2954 2.543945 
2955 2.539062 
2956 2.539062 
2957 2.529297 
2958 2.529297 
2959 2.539062 
2960 2.529297 
2961 2.529297 
2962 2.524414 
2963 2.524414 
2964 2.514648 
2965 2.524414 
2966 2.519531 
2967 2.514648 
2968 2.519531 
2969 2.524414 
2970 2.509766 
2971 2.514648 
2972 2.514648 
2973 2.504883 
2974 2.509766 
2975 2.500000 
2976 2.504883 
2977 2.514648 
2978 2.504883 
2979 2.509766 
2980 2.504883 
2981 2.500000 
2982 2.495117 
2983 2.495117 
2984 2.495117 
2985 2.485352 
2986 2.490234 
2987 2.490234 
2988 2.490234 
2989 2.490234 
2990 2.485352 
2991 2.485352 
2992 2.485352 
2993 2.490234 
2994 2.480469 
2995 2.480469 
2996 2.475586 
2997 2.451172 
2998 2.421875 
2999 2.397461 
3000 2.387695 
3001 2.377930 
3002 2.368164 
3003 2.373047 
3004 2.373047 
3005 2.373047 
3006 2.377930 
3007 2.382812 
3008 2.407227 
3009 2.412109 
3010 2.426758 
3011 2.451172 
3012 2.470703 
3013 2.475586 
3014 2.470703 
3015 2.480469 
3016 2.475586 
3017 2.475586 
3018 2.470703 
3019 2.475586 
3020 2.470703 
3021 2.470703 
3022 2.480469 
3023 2.470703 
3024 2.470703 
3025 2.470703 
3026 2.480469 
3027 2.470703 
3028 2.465820 
3029 2.470703 
3030 2.475586 
3031 2.475586 
3032 2.475586 
3033 2.465820 
3034 2.475586 
3035 2.470703 
3036 2.465820 
3037 2.465820 
3038 2.465820 
3039 2.460938 
3040 2.465820 
3041 2.456055 
3042 2.470703 
3043 2.456055 
3044 2.460938 
3045 2.456055 
3046 2.456055 
3047 2.460938 
3048 2.465820 
3049 2.456055 
3050 2.451172 
3051 2.456055 
3052 2.460938 
3053 2.460938 
3054 2.460938 
3055 2.456055 
3056 2.460938 
3057 2.465820 
3058 2.456055 
3059 2.460938 
3060 2.475586 
3061 2.470703 
3062 2.475586 
3063 2.475586 
3064 2.475586 
3065 2.470703 
3066 2.475586 
3067 2.475586 
3068 2.480469 
3069 2.475586 
3070 2.485352 
3071 2.485352 
3072 2.485352 
3073 2.485352 
3074 2.485352 
3075 2.495117 
3076 2.490234 
3077 2.490234 
3078 2.490234 
3079 2.504883 
3080 2.504883 
3081 2.500000 
3082 2.504883 
3083 2.504883 
3084 2.509766 
3085 2.500000 
3086 2.509766 
3087 2.504883 
3088 2.509766 
3089 2.504883 
3090 2.509766 
3091 2.514648 
3092 2.509766 
3093 2.519531 
3094 2.514648 
3095 2.519531 
3096 2.519531 
3097 2.543945 
3098 2.578125 
3099 2.592773 
3100 2.607422 
3101 2.622070 
3102 2.626953 
3103 2.636719 
3104 2.631836 
3105 2.622070 
3106 2.612305 
3107 2.607422 
3108 2.587891 
3109 2.587891 
3110 2.568359 
3111 2.563477 
3112 2.534180 
3113 2.519531 
3114 2.524414 
3115 2.519531 
3116 2.529297 
3117 2.519531 
3118 2.524414 
3119 2.524414 
3120 2.519531 
3121 2.524414 
3122 2.524414 
3123 2.519531 
3124 2.524414 
3125 2.529297 
3126 2.519531 
3127 2.529297 
3128 2.519531 
3129 2.524414 
3130 2.519531 
3131 2.519531 
3132 2.529297 
3133 2.529297 
3134 2.529297 
3135 2.524414 
3136 2.539062 
3137 2.529297 
3138 2.539062 
3139 2.534180 
3140 2.529297 
3141 2.539062 
3142 2.534180 
3143 2.539062 
3144 2.539062 
3145 2.534180 
3146 2.548828 
3147 2.539062 
3148 2.539062 
3149 2.529297 
3150 2.534180 
3151 2.529297 
3152 2.529297 
3153 2.539062 
3154 2.539062 
3155 2.539062 
3156 2.539062 
3157 2.534180 
3158 2.539062 
3159 2.539062 
3160 2.539062 
3161 2.543945 
3162 2.534180 
3163 2.543945 
3164 2.539062 
3165 2.539062 
3166 2.539062 
3167 2.534180 
3168 2.539062 
3169 2.548828 
3170 2.534180 
3171 2.539062 
3172 2.534180 
3173 2.529297 
3174 2.529297 
3175 2.524414 
3176 2.529297 
3177 2.529297 
3178 2.529297 
3179 2.529297 
3180 2.524414 
3181 2.519531 
3182 2.519531 
3183 2.514648 
3184 2.519531 
3185 2.514648 
3186 2.509766 
3187 2.514648 
3188 2.509766 
3189 2.504883 
3190 2.504883 
3191 2.504883 
3192 2.514648 
3193 2.504883 
3194 2.504883 
3195 2.500000 
3196 2.500000 
3197 2.495117 
3198 2.500000 
3199 2.490234 
3200 2.490234 
3201 2.490234 
3202 2.495117 
3203 2.485352 
3204 2.485352 
3205 2.490234 
3206 2.480469 
3207 2.480469 
3208 2.480469 
3209 2.485352 
3210 2.480469 
3211 2.456055 
3212 2.421875 
3213 2.402344 
3214 2.387695 
3215 2.382812 
3216 2.373047 
3217 2.363281 
3218 2.368164 
3219 2.382812 
3220 2.382812 
3221 2.387695 
3222 2.397461 
3223 2.407227 
3224 2.426758 
3225 2.441406 
3226 2.456055 
3227 2.475586 
3228 2.475586 
3229 2.475586 
3230 2.470703 
3231 2.480469 
3232 2.475586 
3233 2.470703 
3234 2.480469 
3235 2.470703 
3236 2.465820 
3237 2.470703 
3238 2.475586 
3239 2.475586 
3240 2.470703 
3241 2.470703 
3242 2.475586 
3243 2.470703 
3244 2.475586 
3245 2.465820 
3246 2.475586 
3247 2.470703 
3248 2.470703 
3249 2.465820 
3250 2.465820 
3251 2.465820 
3252 2.456055 
3253 2.470703 
3254 2.465820 
3255 2.460938 
3256 2.465820 
3257 2.456055 
3258 2.460938 
3259 2.465820 
3260 2.456055 
3261 2.451172 
3262 2.460938 
3263 2.460938 
3264 2.456055 
3265 2.460938 
3266 2.460938 
3267 2.456055 
3268 2.460938 
3269 2.460938 
3270 2.456055 
3271 2.460938 
3272 2.465820 
3273 2.465820 
3274 2.465820 
3275 2.465820 
3276 2.470703 
3277 2.465820 
3278 2.470703 
3279 2.475586 
3280 2.465820 
3281 2.475586 
3282 2.485352 
3283 2.470703 
3284 2.480469 
3285 2.475586 
3286 2.485352 
3287 2.485352 
3288 2.485352 
3289 2.485352 
3290 2.495117 
3291 2.485352 
3292 2.490234 
3293 2.490234 
3294 2.495117 
3295 2.500000 
3296 2.504883 
3297 2.500000 
3298 2.504883 
3299 2.509766 
3300 2.504883 
3301 2.514648 
3302 2.504883 
3303 2.504883 
3304 2.504883 
3305 2.514648 
3306 2.514648 
3307 2.519531 
3308 2.519531 
3309 2.509766 
3310 2.514648 
3311 2.539062 
3312 2.563477 
3313 2.592773 
3314 2.607422 
3315 2.612305 
3316 2.631836 
3317 2.626953 
3318 2.617188 
3319 2.617188 
3320 2.607422 
3321 2.612305 
3322 2.597656 
3323 2.587891 
3324 2.578125 
3325 2.558594 
3326 2.539062 
3327 2.519531 
3328 2.519531 
3329 2.529297 
3330 2.529297 
3331 2.529297 
3332 2.529297 
3333 2.519531 
3334 2.524414 
3335 2.524414 
3336 2.519531 
3337 2.529297 
3338 2.524414 
3339 2.519531 
3340 2.524414 
3341 2.514648 
3342 2.529297 
3343 2.529297 
3344 2.519531 
3345 2.534180 
3346 2.524414 
3347 2.529297 
3348 2.524414 
3349 2.529297 
3350 2.529297 
3351 2.524414 
3352 2.524414 
3353 2.529297 
3354 2.519531 
3355 2.524414 
3356 2.529297 
3357 2.524414 
3358 2.529297 
3359 2.529297 
3360 2.524414 
3361 2.524414 
3362 2.524414 
3363 2.529297 
3364 2.529297 
3365 2.529297 
3366 2.534180 
3367 2.534180 
3368 2.529297 
3369 2.539062 
3370 2.534180 
3371 2.534180 
3372 2.534180 
3373 2.543945 
3374 2.543945 
3375 2.543945 
3376 2.539062 
3377 2.543945 
3378 2.539062 
3379 2.543945 
3380 2.539062 
3381 2.539062 
3382 2.534180 
3383 2.534180 
3384 2.529297 
3385 2.534180 
3386 2.534180 
3387 2.539062 
3388 2.524414 
3389 2.529297 
3390 2.529297 
3391 2.529297 
3392 2.529297 
3393 2.524414 
3394 2.514648 
3395 2.524414 
3396 2.514648 
3397 2.514648 
3398 2.514648 
3399 2.519531 
3400 2.504883 
3401 2.514648 
3402 2.509766 
3403 2.500000 
3404 2.504883 
3405 2.504883 
3406 2.504883 
3407 2.495117 
3408 2.495117 
3409 2.504883 
3410 2.495117 
3411 2.500000 
3412 2.500000 
3413 2.500000 
3414 2.490234 
3415 2.495117 
3416 2.490234 
3417 2.490234 
3418 2.495117 
3419 2.485352 
3420 2.490234 
3421 2.485352 
3422 2.485352 
3423 2.480469 
3424 2.470703 
3425 2.441406 
3426 2.416992 
3427 2.397461 
3428 2.382812 
3429 2.368164 
3430 2.368164 
3431 2.363281 
3432 2.368164 
3433 2.368164 
3434 2.382812 
3435 2.382812 
3436 2.402344 
3437 2.412109 
3438 2.416992 
3439 2.446289 
3440 2.475586 
3441 2.475586 
3442 2.475586 
3443 2.475586 
3444 2.470703 
3445 2.475586 
3446 2.475586 
3447 2.470703 
3448 2.475586 
3449 2.470703 
3450 2.480469 
3451 2.480469 
3452 2.470703 
3453 2.480469 
3454 2.470703 
3455 2.475586 
3456 2.475586 
3457 2.475586 
3458 2.470703 
3459 2.465820 
3460 2.475586 
3461 2.470703 
3462 2.465820 
3463 2.465820 
3464 2.475586 
3465 2.470703 
3466 2.470703 
3467 2.460938 
3468 2.460938 
3469 2.470703 
3470 2.456055 
3471 2.460938 
3472 2.460938 
3473 2.460938 
3474 2.460938 
3475 2.460938 
3476 2.460938 
3477 2.460938 
3478 2.456055 
3479 2.465820 
3480 2.451172 
3481 2.456055 
3482 2.465820 
3483 2.460938 
3484 2.460938 
3485 2.465820 
3486 2.460938 
3487 2.470703 
3488 2.470703 
3489 2.475586 
3490 2.470703 
3491 2.475586 
3492 2.475586 
3493 2.480469 
3494 2.470703 
3495 2.475586 
3496 2.480469 
3497 2.480469 
3498 2.485352 
3499 2.480469 
3500 2.485352 
3501 2.490234 
3502 2.485352 
3503 2.490234 
3504 2.490234 
3505 2.490234 
3506 2.495117 
3507 2.495117 
3508 2.495117 
3509 2.500000 
3510 2.490234 
3511 2.504883 
3512 2.500000 
3513 2.495117 
3514 2.504883 
3515 2.500000 
3516 2.504883 
3517 2.509766 
3518 2.509766 
3519 2.519531 
3520 2.509766 
3521 2.519531 
3522 2.504883 
3523 2.514648 
3524 2.519531 
3525 2.548828 
3526 2.583008 
3527 2.602539 
3528 2.607422 
3529 2.622070 
3530 2.631836 
3531 2.626953 
3532 2.626953 
3533 2.622070 
3534 2.612305 
3535 2.597656 
3536 2.597656 
3537 2.587891 
3538 2.573242 
3539 2.558594 
3540 2.529297 
3541 2.529297 
3542 2.519531 
3543 2.524414 
3544 2.524414 
3545 2.524414 
3546 2.524414 
3547 2.524414 
3548 2.524414 
3549 2.519531 
3550 2.519531 
3551 2.519531 
3552 2.519531 
3553 2.524414 
3554 2.529297 
3555 2.524414 
3556 2.524414 
3557 2.524414 
3558 2.519531 
3559 2.529297 
3560 2.514648 
3561 2.529297 
3562 2.519531 
3563 2.519531 
3564 2.524414 
3565 2.529297 
3566 2.529297 
3567 2.529297 
3568 2.524414 
3569 2.524414 
3570 2.524414 
3571 2.524414 
3572 2.529297 
3573 2.524414 
3574 2.529297 
3575 2.534180 
3576 2.529297 
3577 2.529297 
3578 2.529297 
3579 2.529297 
3580 2.539062 
3581 2.529297 
3582 2.539062 
3583 2.529297 
3584 2.539062 
3585 2.543945 
3586 2.539062 
3587 2.543945 
3588 2.534180 
3589 2.543945 
3590 2.543945 
3591 2.543945 
3592 2.543945 
3593 2.543945 
3594 2.539062 
3595 2.543945 
3596 2.548828 
3597 2.548828 
3598 2.534180 
3599 2.534180 
3600 2.539062 
3601 2.539062 
3602 2.529297 
3603 2.539062 
3604 2.529297 
3605 2.529297 
3606 2.529297 
3607 2.524414 
3608 2.529297 
3609 2.524414 
3610 2.514648 
3611 2.519531 
3612 2.519531 
3613 2.514648 
3614 2.519531 
3615 2.509766 
3616 2.514648 
3617 2.509766 
3618 2.509766 
3619 2.504883 
3620 2.504883 
3621 2.500000 
3622 2.500000 
3623 2.500000 
3624 2.500000 
3625 2.495117 
3626 2.490234 
3627 2.490234 
3628 2.500000 
3629 2.490234 
3630 2.495117 
3631 2.495117 
3632 2.490234 
3633 2.485352 
3634 2.480469 
3635 2.485352 
3636 2.480469 
3637 2.485352 
3638 2.480469 
3639 2.490234 
3640 2.480469 
3641 2.480469 
3642 2.485352 
3643 2.490234 
3644 2.470703 
3645 2.480469 
3646 2.480469 
3647 2.480469 
3648 2.475586 
3649 2.480469 
3650 2.475586 
3651 2.475586 
3652 2.475586 
3653 2.480469 
3654 2.475586 
3655 2.480469 
3656 2.480469 
3657 2.475586 
3658 2.470703 
3659 2.480469 
3660 2.470703 
3661 2.475586 
3662 2.475586 
3663 2.470703 
3664 2.475586 
3665 2.470703 
3666 2.470703 
3667 2.475586 
3668 2.470703 
3669 2.485352 
3670 2.465820 
3671 2.470703 
3672 2.470703 
3673 2.475586 
3674 2.470703 
3675 2.465820 
3676 2.475586 
3677 2.470703 
3678 2.470703 
3679 2.465820 
3680 2.465820 
3681 2.460938 
3682 2.465820 
3683 2.465820 
3684 2.456055 
3685 2.460938 
3686 2.456055 
3687 2.456055 
3688 2.456055 
3689 2.460938 
3690 2.460938 
3691 2.465820 
3692 2.456055 
3693 2.456055 
3694 2.446289 
3695 2.451172 
3696 2.456055 
3697 2.460938 
3698 2.460938 
3699 2.460938 
3700 2.465820 
3701 2.465820 
3702 2.465820 
3703 2.470703 
3704 2.465820 
3705 2.470703 
3706 2.470703 
3707 2.465820 
3708 2.475586 
3709 2.485352 
3710 2.470703 
3711 2.480469 
3712 2.470703 
3713 2.485352 
3714 2.490234 
3715 2.490234 
3716 2.485352 
3717 2.485352 
3718 2.490234 
3719 2.495117 
3720 2.490234 
3721 2.495117 
3722 2.490234 
3723 2.495117 
3724 2.495117 
3725 2.500000 
3726 2.495117 
3727 2.504883 
3728 2.504883 
3729 2.509766 
3730 2.509766 
3731 2.509766 
3732 2.504883 
3733 2.514648 
3734 2.509766 
3735 2.519531 
3736 2.514648 
3737 2.514648 
3738 2.519531 
3739 2.524414 
3740 2.519531 
3741 2.514648 
3742 2.514648 
3743 2.519531 
3744 2.519531 
3745 2.524414 
3746 2.519531 
3747 2.529297 
3748 2.524414 
3749 2.519531 
3750 2.524414 
3751 2.529297 
3752 2.524414 
3753 2.519531 
3754 2.524414 
3755 2.529297 
3756 2.514648 
3757 2.514648 
3758 2.519531 
3759 2.519531 
3760 2.519531 
3761 2.514648 
3762 2.519531 
3763 2.519531 
3764 2.524414 
3765 2.524414 
3766 2.519531 
3767 2.524414 
3768 2.519531 
3769 2.529297 
3770 2.519531 
3771 2.524414 
3772 2.519531 
3773 2.524414 
3774 2.524414 
3775 2.529297 
3776 2.519531 
3777 2.529297 
3778 2.524414 
3779 2.524414 
3780 2.524414 
3781 2.519531 
3782 2.519531 
3783 2.519531 
3784 2.529297 
3785 2.534180 
3786 2.524414 
3787 2.529297 
3788 2.529297 
3789 2.529297 
3790 2.524414 
3791 2.529297 
3792 2.524414 
3793 2.534180 
3794 2.534180 
3795 2.534180 
3796 2.529297 
3797 2.543945 
3798 2.543945 
3799 2.543945 
3800 2.539062 
3801 2.534180 
3802 2.539062 
3803 2.543945 
3804 2.543945 
3805 2.543945 
3806 2.543945 
3807 2.543945 
3808 2.539062 
3809 2.534180 
3810 2.543945 
3811 2.539062 
3812 2.529297 
3813 2.543945 
3814 2.543945 
3815 2.534180 
3816 2.539062 
3817 2.534180 
3818 2.534180 
3819 2.514648 
3820 2.529297 
3821 2.529297 
3822 2.519531 
3823 2.519531 
3824 2.519531 
3825 2.519531 
3826 2.529297 
3827 2.509766 
3828 2.519531 
3829 2.509766 
3830 2.509766 
3831 2.509766 
3832 2.509766 
3833 2.509766 
3834 2.509766 
3835 2.504883 
3836 2.500000 
3837 2.504883 
3838 2.509766 
3839 2.500000 
3840 2.495117 
3841 2.490234 
3842 2.495117 
3843 2.490234 
3844 2.485352 
3845 2.485352 
3846 2.485352 
3847 2.485352 
3848 2.485352 
3849 2.485352 
3850 2.490234 
3851 2.490234 
3852 2.485352 
3853 2.485352 
3854 2.480469 
3855 2.480469 
3856 2.475586 
3857 2.475586 
3858 2.485352 
3859 2.470703 
3860 2.480469 
3861 2.480469 
3862 2.475586 
3863 2.475586 
3864 2.470703 
3865 2.480469 
3866 2.470703 
3867 2.475586 
3868 2.470703 
3869 2.475586 
3870 2.470703 
3871 2.470703 
3872 2.480469 
3873 2.475586 
3874 2.475586 
3875 2.470703 
3876 2.470703 
3877 2.475586 
3878 2.475586 
3879 2.470703 
3880 2.475586 
3881 2.475586 
3882 2.465820 
3883 2.470703 
3884 2.475586 
3885 2.480469 
3886 2.465820 
3887 2.475586 
3888 2.465820 
3889 2.470703 
3890 2.470703 
3891 2.465820 
3892 2.465820 
3893 2.460938 
3894 2.470703 
3895 2.465820 
3896 2.460938 
3897 2.460938 
3898 2.460938 
3899 2.460938 
3900 2.460938 
3901 2.460938 
3902 2.460938 
3903 2.465820 
3904 2.456055 
3905 2.456055 
3906 2.460938 
3907 2.456055 
3908 2.456055 
3909 2.456055 
3910 2.456055 
3911 2.456055 
3912 2.456055 
3913 2.460938 
3914 2.460938 
3915 2.465820 
3916 2.465820 
3917 2.460938 
3918 2.470703 
3919 2.470703 
3920 2.470703 
3921 2.480469 
3922 2.470703 
3923 2.480469 
3924 2.480469 
3925 2.485352 
3926 2.480469 
3927 2.480469 
3928 2.485352 
3929 2.485352 
3930 2.485352 
3931 2.485352 
3932 2.490234 
3933 2.490234 
3934 2.495117 
3935 2.495117 
3936 2.490234 
3937 2.495117 
3938 2.495117 
3939 2.500000 
3940 2.500000 
3941 2.500000 
3942 2.504883 
3943 2.504883 
3944 2.504883 
3945 2.509766 
3946 2.509766 
3947 2.519531 
3948 2.519531 
3949 2.509766 
3950 2.514648 
3951 2.519531 
3952 2.519531 
3953 2.514648 
3954 2.514648 
3955 2.519531 
3956 2.514648 
3957 2.524414 
3958 2.514648 
3959 2.514648 
3960 2.514648 
3961 2.500000 
3962 2.514648 
3963 2.514648 
3964 2.504883 
3965 2.519531 
3966 2.514648 
3967 2.509766 
3968 2.519531 
3969 2.509766 
3970 2.514648 
3971 2.514648 
3972 2.519531 
3973 2.519531 
3974 2.524414 
3975 2.519531 
3976 2.534180 
3977 2.524414 
3978 2.519531 
3979 2.519531 
3980 2.519531 
3981 2.519531 
3982 2.519531 
3983 2.519531 
3984 2.519531 
3985 2.524414 
3986 2.529297 
3987 2.524414 
3988 2.529297 
3989 2.524414 
3990 2.524414 
3991 2.524414 
3992 2.524414 
3993 2.524414 
3994 2.519531 
3995 2.519531 
3996 2.524414 
3997 2.524414 
3998 2.524414 
3999 2.524414 
4000 2.524414 
4001 2.524414 
4002 2.529297 
4003 2.524414 
4004 2.519531 
4005 2.529297 
4006 2.524414 
4007 2.534180 
4008 2.534180 
4009 2.534180 
4010 2.543945 
4011 2.543945 
4012 2.543945 
4013 2.543945 
4014 2.529297 
4015 2.539062 
4016 2.543945 
4017 2.539062 
4018 2.539062 
4019 2.539062 
4020 2.539062 
4021 2.543945 
4022 2.543945 
4023 2.539062 
4024 2.548828 
4025 2.539062 
4026 2.548828 
4027 2.539062 
4028 2.534180 
4029 2.539062 
4030 2.534180 
4031 2.529297 
4032 2.529297 
4033 2.524414 
4034 2.529297 
4035 2.524414 
4036 2.524414 
4037 2.524414 
4038 2.524414 
4039 2.514648 
4040 2.519531 
4041 2.519531 
4042 2.519531 
4043 2.514648 
4044 2.509766 
4045 2.519531 
4046 2.504883 
4047 2.509766 
4048 2.504883 
4049 2.509766 
4050 2.504883 
4051 2.504883 
4052 2.500000 
4053 2.495117 
4054 2.500000 
4055 2.504883 
4056 2.495117 
4057 2.490234 
4058 2.485352 
4059 2.495117 
4060 2.490234 
4061 2.485352 
4062 2.490234 
4063 2.485352 
4064 2.485352 
4065 2.485352 
4066 2.480469 
4067 2.475586 
4068 2.480469 
4069 2.485352 
4070 2.475586 
4071 2.480469 
4072 2.475586 
4073 2.475586 
4074 2.485352 
4075 2.480469 
4076 2.480469 
4077 2.480469 
4078 2.480469 
4079 2.475586 
4080 2.470703 
4081 2.475586 
4082 2.480469 
4083 2.475586 
4084 2.470703 
4085 2.470703 
4086 2.470703 
4087 2.480469 
4088 2.470703 
4089 2.470703 
4090 2.475586 
4091 2.470703 
4092 2.480469 
4093 2.465820 
4094 2.475586 
4095 2.470703 
4096 2.475586 
4097 2.480469 
4098 2.470703 
4099 2.470703 
4100 2.475586 
4101 2.475586 
4102 2.470703 
4103 2.470703 
4104 2.465820 
4105 2.470703 
4106 2.465820 
4107 2.465820 
4108 2.465820 
4109 2.460938 
4110 2.456055 
4111 2.465820 
4112 2.451172 
4113 2.465820 
4114 2.456055 
4115 2.460938 
4116 2.460938 
4117 2.456055 
4118 2.451172 
4119 2.456055 
4120 2.451172 
4121 2.460938 
4122 2.456055 
4123 2.456055 
4124 2.456055 
4125 2.451172 
4126 2.456055 
4127 2.460938 
4128 2.456055 
4129 2.456055 
4130 2.465820 
4131 2.465820 
4132 2.465820 
4133 2.465820 
4134 2.465820 
4135 2.475586 
4136 2.465820 
4137 2.475586 
4138 2.470703 
4139 2.475586 
4140 2.485352 
4141 2.485352 
4142 2.485352 
4143 2.485352 
4144 2.470703 
4145 2.495117 
4146 2.480469 
4147 2.495117 
4148 2.490234 
4149 2.490234 
4150 2.495117 
4151 2.500000 
4152 2.495117 
4153 2.504883 
4154 2.500000 
4155 2.509766 
4156 2.509766 
4157 2.509766 
4158 2.509766 
4159 2.504883 
4160 2.480469 
4161 2.495117 
4162 2.490234 
4163 2.490234 
4164 2.495117 
4165 2.495117 
4166 2.500000 
4167 2.500000 
4168 2.504883 
4169 2.504883 
4170 2.500000 
4171 2.509766 
4172 2.509766 
4173 2.504883 
4174 2.509766 
4175 2.514648 
4176 2.514648 
4177 2.514648 
4178 2.519531 
4179 2.514648 
4180 2.514648 
4181 2.509766 
4182 2.519531 
4183 2.519531 
4184 2.519531 
4185 2.519531 
4186 2.519531 
4187 2.514648 
4188 2.524414 
4189 2.514648 
4190 2.519531 
4191 2.524414 
4192 2.524414 
4193 2.519531 
4194 2.529297 
4195 2.524414 
4196 2.524414 
4197 2.519531 
4198 2.534180 
4199 2.524414 
4200 2.524414 
4201 2.524414 
4202 2.524414 
4203 2.524414 
4204 2.529297 
4205 2.529297 
4206 2.524414 
4207 2.534180 
4208 2.519531 
4209 2.524414 
4210 2.524414 
4211 2.529297 
4212 2.529297 
4213 2.519531 
4214 2.524414 
4215 2.524414 
4216 2.524414 
4217 2.529297 
4218 2.529297 
4219 2.529297 
4220 2.524414 
4221 2.534180 
4222 2.534180 
4223 2.534180 
4224 2.529297 
4225 2.539062 
4226 2.534180 
4227 2.534180 
4228 2.539062 
4229 2.543945 
4230 2.539062 
4231 2.534180 
4232 2.539062 
4233 2.543945 
4234 2.534180 
4235 2.539062 
4236 2.548828 
4237 2.543945 
4238 2.548828 
4239 2.539062 
4240 2.543945 
4241 2.548828 
4242 2.539062 
4243 2.539062 
4244 2.534180 
4245 2.534180 
4246 2.539062 
4247 2.534180 
4248 2.534180 
4249 2.534180 
4250 2.519531 
4251 2.529297 
4252 2.524414 
4253 2.524414 
4254 2.519531 
4255 2.514648 
4256 2.514648 
4257 2.524414 
4258 2.509766 
4259 2.509766 
4260 2.509766 
4261 2.514648 
4262 2.514648 
4263 2.509766 
4264 2.504883 
4265 2.509766 
4266 2.500000 
4267 2.504883 
4268 2.500000 
4269 2.500000 
4270 2.490234 
4271 2.490234 
4272 2.495117 
4273 2.490234 
4274 2.495117 
4275 2.485352 
4276 2.485352 
4277 2.485352 
4278 2.485352 
4279 2.475586 
4280 2.475586 
4281 2.475586 
4282 2.480469 
4283 2.485352 
4284 2.480469 
4285 2.480469 
4286 2.480469 
4287 2.480469 
4288 2.480469 
4289 2.480469 
4290 2.475586 
4291 2.480469 
4292 2.470703 
4293 2.480469 
4294 2.470703 
4295 2.475586 
4296 2.470703 
4297 2.475586 
4298 2.465820 
4299 2.480469 
4300 2.470703 
4301 2.475586 
4302 2.470703 
4303 2.470703 
4304 2.475586 
4305 2.475586 
4306 2.465820 
4307 2.465820 
4308 2.470703 
4309 2.470703 
4310 2.470703 
4311 2.480469 
4312 2.475586 
4313 2.470703 
4314 2.475586 
4315 2.480469 
4316 2.465820 
4317 2.470703 
4318 2.465820 
4319 2.470703 
4320 2.470703 
4321 2.460938 
4322 2.465820 
4323 2.465820 
4324 2.460938 
4325 2.465820 
4326 2.460938 
4327 2.460938 
4328 2.465820 
4329 2.456055 
4330 2.456055 
4331 2.460938 
4332 2.451172 
4333 2.456055 
4334 2.456055 
4335 2.451172 
4336 2.446289 
4337 2.456055 
4338 2.451172 
4339 2.460938 
4340 2.465820 
4341 2.460938 
4342 2.460938 
4343 2.456055 
4344 2.465820 
4345 2.460938 
4346 2.465820 
4347 2.460938 
4348 2.470703 
4349 2.475586 
4350 2.470703 
4351 2.470703 
4352 2.475586 
4353 2.475586 
4354 2.475586 
4355 2.475586 
4356 2.475586 
4357 2.485352 
4358 2.485352 
4359 2.495117 
4360 2.495117 
4361 2.490234 
4362 2.465820 
4363 2.470703 
4364 2.480469 
4365 2.475586 
4366 2.475586 
4367 2.475586 
4368 2.480469 
4369 2.485352 
4370 2.480469 
4371 2.490234 
4372 2.490234 
4373 2.490234 
4374 2.485352 
4375 2.495117 
4376 2.490234 
4377 2.495117 
4378 2.495117 
4379 2.495117 
4380 2.500000 
4381 2.500000 
4382 2.504883 
4383 2.500000 
4384 2.504883 
4385 2.509766 
4386 2.514648 
4387 2.504883 
4388 2.509766 
4389 2.514648 
4390 2.504883 
4391 2.519531 
4392 2.509766 
4393 2.519531 
4394 2.514648 
4395 2.524414 
4396 2.524414 
4397 2.519531 
4398 2.519531 
4399 2.519531 
4400 2.514648 
4401 2.524414 
4402 2.524414 
4403 2.524414 
4404 2.524414 
4405 2.524414 
4406 2.514648 
4407 2.524414 
4408 2.524414 
4409 2.519531 
4410 2.524414 
4411 2.534180 
4412 2.524414 
4413 2.519531 
4414 2.524414 
4415 2.519531 
4416 2.524414 
4417 2.529297 
4418 2.524414 
4419 2.519531 
4420 2.524414 
4421 2.519531 
4422 2.524414 
4423 2.524414 
4424 2.524414 
4425 2.529297 
4426 2.519531 
4427 2.524414 
4428 2.519531 
4429 2.529297 
4430 2.519531 
4431 2.534180 
4432 2.524414 
4433 2.534180 
4434 2.534180 
4435 2.534180 
4436 2.543945 
4437 2.534180 
4438 2.534180 
4439 2.539062 
4440 2.534180 
4441 2.534180 
4442 2.543945 
4443 2.534180 
4444 2.539062 
4445 2.539062 
4446 2.548828 
4447 2.539062 
4448 2.539062 
4449 2.543945 
4450 2.543945 
4451 2.539062 
4452 2.543945 
4453 2.539062 
4454 2.539062 
4455 2.539062 
4456 2.534180 
4457 2.534180 
4458 2.529297 
4459 2.534180 
4460 2.529297 
4461 2.524414 
4462 2.534180 
4463 2.529297 
4464 2.524414 
4465 2.524414 
4466 2.519531 
4467 2.524414 
4468 2.514648 
4469 2.514648 
4470 2.524414 
4471 2.519531 
4472 2.509766 
4473 2.514648 
4474 2.509766 
4475 2.514648 
4476 2.509766 
4477 2.504883 
4478 2.500000 
4479 2.504883 
4480 2.495117 
4481 2.500000 
4482 2.495117 
4483 2.495117 
4484 2.495117 
4485 2.485352 
4486 2.495117 
4487 2.485352 
4488 2.490234 
4489 2.485352 
4490 2.480469 
4491 2.490234 
4492 2.480469 
4493 2.480469 
4494 2.480469 
4495 2.480469 
4496 2.480469 
4497 2.475586 
4498 2.485352 
4499 2.485352 
4500 2.480469 
4501 2.475586 
4502 2.475586 
4503 2.475586 
4504 2.470703 
4505 2.485352 
4506 2.480469 
4507 2.470703 
4508 2.480469 
4509 2.480469 
4510 2.475586 
4511 2.470703 
4512 2.475586 
4513 2.480469 
4514 2.480469 
4515 2.480469 
4516 2.470703 
4517 2.470703 
4518 2.470703 
4519 2.465820 
4520 2.485352 
4521 2.470703 
4522 2.475586 
4523 2.475586 
4524 2.470703 
4525 2.470703 
4526 2.470703 
4527 2.470703 
4528 2.465820 
4529 2.475586 
4530 2.465820 
4531 2.465820 
4532 2.465820 
4533 2.470703 
4534 2.475586 
4535 2.460938 
4536 2.470703 
4537 2.470703 
4538 2.460938 
4539 2.470703 
4540 2.465820 
4541 2.465820 
4542 2.460938 
4543 2.456055 
4544 2.460938 
4545 2.456055 
4546 2.451172 
4547 2.460938 
4548 2.456055 
4549 2.456055 
4550 2.456055 
4551 2.456055 
4552 2.456055 
4553 2.460938 
4554 2.451172 
4555 2.456055 
4556 2.460938 
4557 2.465820 
4558 2.465820 
4559 2.465820 
4560 2.465820 
4561 2.465820 
4562 2.465820 
4563 2.470703 
4564 2.456055 
4565 2.456055 
4566 2.456055 
4567 2.460938 
4568 2.465820 
4569 2.456055 
4570 2.456055 
4571 2.460938 
4572 2.465820 
4573 2.465820 
4574 2.470703 
4575 2.465820 
4576 2.465820 
4577 2.465820 
4578 2.475586 
4579 2.470703 
4580 2.480469 
4581 2.475586 
4582 2.485352 
4583 2.480469 
4584 2.485352 
4585 2.485352 
4586 2.485352 
4587 2.480469 
4588 2.495117 
4589 2.480469 
4590 2.490234 
4591 2.490234 
4592 2.495117 
4593 2.500000 
4594 2.500000 
4595 2.500000 
4596 2.495117 
4597 2.500000 
4598 2.504883 
4599 2.509766 
4600 2.504883 
4601 2.509766 
4602 2.514648 
4603 2.509766 
4604 2.514648 
4605 2.514648 
4606 2.514648 
4607 2.519531 
4608 2.514648 
4609 2.519531 
4610 2.519531 
4611 2.519531 
4612 2.519531 
4613 2.519531 
4614 2.519531 
4615 2.524414 
4616 2.519531 
4617 2.524414 
4618 2.524414 
4619 2.519531 
4620 2.514648 
4621 2.519531 
4622 2.534180 
4623 2.524414 
4624 2.524414 
4625 2.524414 
4626 2.514648 
4627 2.534180 
4628 2.524414 
4629 2.519531 
4630 2.529297 
4631 2.524414 
4632 2.524414 
4633 2.524414 
4634 2.519531 
4635 2.519531 
4636 2.529297 
4637 2.529297 
4638 2.529297 
4639 2.519531 
4640 2.529297 
4641 2.529297 
4642 2.524414 
4643 2.524414 
4644 2.529297 
4645 2.524414 
4646 2.529297 
4647 2.524414 
4648 2.534180 
4649 2.524414 
4650 2.534180 
4651 2.534180 
4652 2.534180 
4653 2.539062 
4654 2.539062 
4655 2.539062 
4656 2.539062 
4657 2.543945 
4658 2.543945 
4659 2.539062 
4660 2.543945 
4661 2.543945 
4662 2.543945 
4663 2.548828 
4664 2.543945 
4665 2.539062 
4666 2.539062 
4667 2.539062 
4668 2.534180 
4669 2.543945 
4670 2.539062 
4671 2.543945 
4672 2.529297 
4673 2.534180 
4674 2.534180 
4675 2.534180 
4676 2.524414 
4677 2.529297 
4678 2.529297 
4679 2.524414 
4680 2.529297 
4681 2.519531 
4682 2.519531 
4683 2.514648 
4684 2.509766 
4685 2.514648 
4686 2.514648 
4687 2.514648 
4688 2.509766 
4689 2.509766 
4690 2.500000 
4691 2.504883 
4692 2.500000 
4693 2.495117 
4694 2.495117 
4695 2.500000 
4696 2.495117 
4697 2.495117 
4698 2.495117 
4699 2.490234 
4700 2.490234 
4701 2.485352 
4702 2.490234 
4703 2.485352 
4704 2.490234 
4705 2.485352 
4706 2.480469 
4707 2.485352 
