0 2.758789 
1 2.856445 
2 2.958984 
3 3.051758 
4 3.154297 
5 3.237305 
6 3.320312 
7 3.408203 
8 3.505859 
9 3.593750 
10 3.671875 
11 3.740234 
12 3.803711 
13 3.852539 
14 3.906250 
15 3.950195 
16 3.999023 
17 4.038086 
18 4.077148 
19 4.101562 
20 4.130859 
21 4.150391 
22 4.169922 
23 4.189453 
24 4.208984 
25 4.223633 
26 4.238281 
27 4.252930 
28 4.267578 
29 4.272461 
30 4.282227 
31 4.287109 
32 4.291992 
33 4.291992 
34 4.287109 
35 4.277344 
36 4.272461 
37 4.243164 
38 4.204102 
39 4.140625 
40 4.067383 
41 3.984375 
42 3.891602 
43 3.789062 
44 3.696289 
45 3.598633 
46 3.505859 
47 3.403320 
48 3.300781 
49 3.193359 
50 3.090820 
51 2.983398 
52 2.890625 
53 2.792969 
54 2.695312 
55 2.597656 
56 2.495117 
57 2.382812 
58 2.270508 
59 2.153320 
60 2.031250 
61 1.909180 
62 1.777344 
63 1.655273 
64 1.538086 
65 1.416016 
66 1.289062 
67 1.152344 
68 1.010742 
69 0.864258 
70 0.717773 
71 0.576172 
72 0.434570 
73 0.283203 
74 0.136719 
75 0.014648 
76 0.000000 
77 0.004883 
78 0.112305 
79 0.244141 
80 0.390625 
81 0.522461 
82 0.664062 
83 0.791016 
84 0.922852 
85 1.044922 
86 1.171875 
87 1.289062 
88 1.411133 
89 1.528320 
90 1.645508 
91 1.762695 
92 1.879883 
93 1.987305 
94 2.099609 
95 2.211914 
96 2.324219 
97 2.436523 
98 2.543945 
99 2.646484 
100 2.749023 
101 2.846680 
102 2.944336 
103 3.041992 
104 3.139648 
105 3.232422 
106 3.310547 
107 3.398438 
108 3.496094 
109 3.583984 
110 3.666992 
111 3.735352 
112 3.798828 
113 3.852539 
114 3.906250 
115 3.945312 
116 3.994141 
117 4.038086 
118 4.077148 
119 4.096680 
120 4.125977 
121 4.145508 
122 4.174805 
123 4.189453 
124 4.208984 
125 4.223633 
126 4.238281 
127 4.252930 
128 4.267578 
129 4.272461 
130 4.282227 
131 4.287109 
132 4.291992 
133 4.287109 
134 4.287109 
135 4.282227 
136 4.272461 
137 4.248047 
138 4.204102 
139 4.150391 
140 4.082031 
141 3.999023 
142 3.906250 
143 3.808594 
144 3.715820 
145 3.613281 
146 3.520508 
147 3.417969 
148 3.315430 
149 3.208008 
150 3.105469 
151 2.998047 
152 2.900391 
153 2.802734 
154 2.709961 
155 2.607422 
156 2.504883 
157 2.397461 
158 2.290039 
159 2.172852 
160 2.055664 
161 1.933594 
162 1.796875 
163 3.144531 
164 3.041992 
165 2.934570 
166 2.841797 
167 2.744141 
168 2.646484 
169 2.543945 
170 2.441406 
171 2.333984 
172 2.221680 
173 2.104492 
174 1.987305 
175 1.855469 
176 1.713867 
177 1.591797 
178 1.479492 
179 1.357422 
180 1.225586 
181 1.083984 
182 0.942383 
183 0.791016 
184 0.649414 
185 0.507812 
186 0.366211 
187 0.214844 
188 0.073242 
189 0.000000 
190 0.000000 
191 0.053711 
192 0.175781 
193 0.307617 
194 0.449219 
195 0.585938 
196 0.722656 
197 0.849609 
198 0.981445 
199 1.098633 
200 1.225586 
201 1.337891 
202 1.459961 
203 1.572266 
204 1.689453 
205 1.806641 
206 1.918945 
207 2.031250 
208 2.143555 
209 2.255859 
210 2.373047 
211 2.485352 
212 2.587891 
213 2.685547 
214 2.792969 
215 2.885742 
216 2.983398 
217 3.081055 
218 3.178711 
219 3.251953 
220 3.349609 
221 3.432617 
222 3.535156 
223 3.618164 
224 3.696289 
225 3.759766 
226 3.823242 
227 3.872070 
228 3.920898 
229 3.959961 
230 4.008789 
231 4.052734 
232 4.082031 
233 4.106445 
234 4.135742 
235 4.160156 
236 4.184570 
237 4.199219 
238 4.218750 
239 4.228516 
240 4.248047 
241 4.257812 
242 4.272461 
243 4.277344 
244 4.287109 
245 4.287109 
246 4.291992 
247 4.291992 
248 4.291992 
249 4.277344 
250 4.267578 
251 4.238281 
252 4.184570 
253 4.106445 
254 4.047852 
255 3.959961 
256 3.857422 
257 3.759766 
258 3.671875 
259 3.569336 
260 3.476562 
261 3.369141 
262 3.266602 
263 3.159180 
264 3.056641 
265 2.954102 
266 2.856445 
267 2.753906 
268 2.666016 
269 2.563477 
270 2.460938 
271 2.348633 
272 2.241211 
273 2.119141 
274 1.992188 
275 1.875000 
276 1.733398 
277 1.616211 
278 1.499023 
279 1.376953 
280 1.245117 
281 1.103516 
282 0.961914 
283 0.815430 
284 0.673828 
285 0.532227 
286 0.385742 
287 0.234375 
288 0.092773 
289 0.000000 
290 0.000000 
291 0.034180 
292 0.156250 
293 0.283203 
294 0.429688 
295 0.566406 
296 0.703125 
297 0.834961 
298 0.961914 
299 1.083984 
300 1.206055 
301 1.323242 
302 1.445312 
303 1.562500 
304 1.679688 
305 1.791992 
306 1.909180 
307 2.016602 
308 2.128906 
309 2.241211 
310 2.358398 
311 2.465820 
312 2.578125 
313 2.675781 
314 2.783203 
315 2.875977 
316 2.973633 
317 3.071289 
318 3.168945 
319 3.242188 
320 3.339844 
321 3.427734 
322 3.525391 
323 3.613281 
324 3.691406 
325 3.754883 
326 3.818359 
327 3.867188 
328 3.920898 
329 3.959961 
330 4.008789 
331 4.047852 
332 4.086914 
333 4.106445 
334 4.130859 
335 4.155273 
336 4.179688 
337 4.194336 
338 4.213867 
339 4.228516 
340 4.243164 
341 4.252930 
342 4.267578 
343 4.272461 
344 4.282227 
345 4.287109 
346 4.291992 
347 4.287109 
348 4.287109 
349 4.277344 
350 4.267578 
351 4.243164 
352 4.199219 
353 4.135742 
354 4.062500 
355 3.974609 
356 3.876953 
357 3.779297 
358 3.686523 
359 3.588867 
360 3.491211 
361 3.388672 
362 3.286133 
363 3.173828 
364 3.071289 
365 4.223633 
366 4.165039 
367 4.091797 
368 4.023438 
369 3.920898 
370 3.828125 
371 3.730469 
372 3.632812 
373 3.540039 
374 3.442383 
375 3.334961 
376 3.232422 
377 3.125000 
378 3.022461 
379 2.919922 
380 2.822266 
381 2.724609 
382 2.626953 
383 2.524414 
384 2.416992 
385 2.304688 
386 2.192383 
387 2.075195 
388 1.962891 
389 1.831055 
390 1.694336 
391 1.577148 
392 1.459961 
393 1.333008 
394 1.201172 
395 1.054688 
396 0.913086 
397 0.766602 
398 0.625000 
399 0.483398 
400 0.336914 
401 0.185547 
402 0.053711 
403 0.000000 
404 0.000000 
405 0.073242 
406 0.200195 
407 0.336914 
408 0.473633 
409 0.615234 
410 0.747070 
411 0.874023 
412 1.000977 
413 1.123047 
414 1.245117 
415 1.362305 
416 1.489258 
417 1.601562 
418 1.713867 
419 1.831055 
420 1.943359 
421 2.050781 
422 2.163086 
423 2.275391 
424 2.392578 
425 2.504883 
426 2.607422 
427 2.705078 
428 2.812500 
429 2.900391 
430 3.007812 
431 3.105469 
432 3.198242 
433 3.276367 
434 3.364258 
435 3.452148 
436 3.549805 
437 3.632812 
438 3.706055 
439 3.769531 
440 3.828125 
441 3.881836 
442 3.930664 
443 3.974609 
444 4.023438 
445 4.062500 
446 4.091797 
447 4.116211 
448 4.145508 
449 4.165039 
450 4.184570 
451 4.199219 
452 4.218750 
453 4.233398 
454 4.248047 
455 4.257812 
456 4.272461 
457 4.277344 
458 4.287109 
459 4.287109 
460 4.291992 
461 4.287109 
462 4.287109 
463 4.272461 
464 4.262695 
465 4.228516 
466 4.169922 
467 4.096680 
468 4.033203 
469 3.935547 
470 3.842773 
471 3.740234 
472 3.647461 
473 3.549805 
474 3.457031 
475 3.349609 
476 3.247070 
477 3.139648 
478 3.037109 
479 2.934570 
480 2.836914 
481 2.739258 
482 2.646484 
483 2.543945 
484 2.436523 
485 2.324219 
486 2.211914 
487 2.094727 
488 1.972656 
489 1.855469 
490 1.708984 
491 1.596680 
492 1.479492 
493 1.352539 
494 1.220703 
495 1.079102 
496 0.937500 
497 0.791016 
498 0.649414 
499 0.502930 
500 0.356445 
501 0.209961 
502 0.068359 
503 0.000000 
504 0.000000 
505 0.053711 
506 0.185547 
507 0.312500 
508 0.454102 
509 0.590820 
510 0.727539 
511 0.859375 
512 0.981445 
513 1.108398 
514 1.230469 
515 1.347656 
516 1.469727 
517 1.586914 
518 1.704102 
519 1.816406 
520 1.928711 
521 2.036133 
522 2.153320 
523 2.265625 
524 2.377930 
525 2.485352 
526 2.592773 
527 2.695312 
528 2.797852 
529 2.895508 
530 2.993164 
531 3.090820 
532 3.188477 
533 3.266602 
534 3.359375 
535 3.447266 
536 3.540039 
537 3.627930 
538 3.701172 
539 3.764648 
540 3.828125 
541 3.876953 
542 3.925781 
543 3.969727 
544 4.018555 
545 4.057617 
546 4.091797 
547 4.111328 
548 4.140625 
549 4.160156 
550 4.184570 
551 4.199219 
552 4.218750 
553 4.228516 
554 4.248047 
555 4.257812 
556 4.272461 
557 4.277344 
558 4.287109 
559 4.287109 
560 4.291992 
561 4.287109 
562 4.287109 
563 4.277344 
564 4.262695 
565 4.238281 
566 4.184570 
567 4.238281 
568 4.252930 
569 4.262695 
570 4.277344 
571 4.282227 
572 4.287109 
573 4.287109 
574 4.291992 
575 4.287109 
576 4.282227 
577 4.267578 
578 4.252930 
579 4.204102 
580 4.150391 
581 4.072266 
582 3.994141 
583 3.891602 
584 3.798828 
585 3.701172 
586 3.608398 
587 3.500977 
588 3.403320 
589 3.295898 
590 3.193359 
591 3.085938 
592 2.988281 
593 2.885742 
594 2.788086 
595 2.695312 
596 2.597656 
597 2.495117 
598 2.387695 
599 2.275391 
600 2.163086 
601 2.041016 
602 1.923828 
603 1.782227 
604 1.655273 
605 1.538086 
606 1.425781 
607 1.293945 
608 1.157227 
609 1.010742 
610 0.864258 
611 0.717773 
612 0.576172 
613 0.434570 
614 0.283203 
615 0.141602 
616 0.019531 
617 0.000000 
618 0.009766 
619 0.112305 
620 0.244141 
621 0.385742 
622 0.522461 
623 0.654297 
624 0.781250 
625 0.913086 
626 1.044922 
627 1.166992 
628 1.289062 
629 1.406250 
630 1.523438 
631 1.635742 
632 1.748047 
633 1.860352 
634 1.972656 
635 2.084961 
636 2.202148 
637 2.314453 
638 2.426758 
639 2.534180 
640 2.636719 
641 2.734375 
642 2.841797 
643 2.934570 
644 3.041992 
645 3.134766 
646 3.227539 
647 3.300781 
648 3.393555 
649 3.481445 
650 3.579102 
651 3.642578 
652 3.730469 
653 3.793945 
654 3.847656 
655 3.896484 
656 3.940430 
657 3.984375 
658 4.033203 
659 4.067383 
660 4.096680 
661 4.121094 
662 4.150391 
663 4.169922 
664 4.194336 
665 4.208984 
666 4.223633 
667 4.238281 
668 4.252930 
669 4.262695 
670 4.277344 
671 4.282227 
672 4.287109 
673 4.287109 
674 4.291992 
675 4.287109 
676 4.287109 
677 4.272461 
678 4.252930 
679 4.204102 
680 4.155273 
681 4.077148 
682 3.999023 
683 3.901367 
684 3.808594 
685 3.715820 
686 3.618164 
687 3.520508 
688 3.422852 
689 3.315430 
690 3.212891 
691 3.100586 
692 3.002930 
693 2.900391 
694 2.802734 
695 2.709961 
696 2.617188 
697 2.509766 
698 2.407227 
699 2.294922 
700 2.177734 
701 2.055664 
702 1.933594 
703 1.801758 
704 1.669922 
705 1.557617 
706 1.440430 
707 1.308594 
708 1.171875 
709 1.025391 
710 0.883789 
711 0.742188 
712 0.600586 
713 0.454102 
714 0.307617 
715 0.161133 
716 0.029297 
717 0.000000 
718 0.000000 
719 0.092773 
720 0.224609 
721 0.361328 
722 0.502930 
723 0.639648 
724 0.771484 
725 0.898438 
726 1.025391 
727 1.147461 
728 1.269531 
729 1.381836 
730 1.503906 
731 1.621094 
732 1.738281 
733 1.850586 
734 1.962891 
735 2.070312 
736 2.187500 
737 2.299805 
738 2.416992 
739 2.524414 
740 2.631836 
741 2.729492 
742 2.832031 
743 2.924805 
744 3.027344 
745 3.125000 
746 3.222656 
747 3.295898 
748 3.388672 
749 3.476562 
750 3.569336 
751 3.652344 
752 3.725586 
753 3.784180 
754 3.847656 
755 3.896484 
756 3.940430 
757 3.984375 
758 4.028320 
759 4.067383 
760 4.096680 
761 4.121094 
762 4.145508 
763 4.169922 
764 4.189453 
765 4.204102 
766 4.223633 
767 4.233398 
768 4.252930 
769 3.920898 
770 3.964844 
771 4.008789 
772 4.052734 
773 4.082031 
774 4.111328 
775 4.135742 
776 4.160156 
777 4.179688 
778 4.199219 
779 4.208984 
780 4.228516 
781 4.243164 
782 4.257812 
783 4.262695 
784 4.277344 
785 4.282227 
786 4.287109 
787 4.287109 
788 4.291992 
789 4.287109 
790 4.282227 
791 4.267578 
792 4.243164 
793 4.194336 
794 4.130859 
795 4.057617 
796 3.969727 
797 3.867188 
798 3.774414 
799 3.676758 
800 3.583984 
801 3.481445 
802 3.383789 
803 3.271484 
804 3.168945 
805 3.061523 
806 2.958984 
807 2.861328 
808 2.768555 
809 2.666016 
810 2.568359 
811 2.460938 
812 2.353516 
813 2.241211 
814 2.128906 
815 2.011719 
816 1.894531 
817 1.743164 
818 1.625977 
819 1.508789 
820 1.391602 
821 1.259766 
822 1.118164 
823 0.971680 
824 0.830078 
825 0.688477 
826 0.546875 
827 0.400391 
828 0.253906 
829 0.107422 
830 0.000000 
831 0.000000 
832 0.029297 
833 0.146484 
834 0.273438 
835 0.419922 
836 0.556641 
837 0.693359 
838 0.820312 
839 0.952148 
840 1.074219 
841 1.191406 
842 1.313477 
843 1.435547 
844 1.557617 
845 1.669922 
846 1.787109 
847 1.894531 
848 2.006836 
849 2.109375 
850 2.226562 
851 2.348633 
852 2.456055 
853 2.558594 
854 2.666016 
855 2.763672 
856 2.866211 
857 2.963867 
858 3.061523 
859 3.154297 
860 3.232422 
861 3.325195 
862 3.417969 
863 3.510742 
864 3.598633 
865 3.671875 
866 3.745117 
867 3.803711 
868 3.857422 
869 3.906250 
870 3.955078 
871 3.999023 
872 4.042969 
873 4.077148 
874 4.101562 
875 4.125977 
876 4.155273 
877 4.174805 
878 4.199219 
879 4.208984 
880 4.228516 
881 4.238281 
882 4.257812 
883 4.267578 
884 4.277344 
885 4.282227 
886 4.291992 
887 4.291992 
888 4.291992 
889 4.287109 
890 4.282227 
891 4.267578 
892 4.243164 
893 4.194336 
894 4.135742 
895 4.062500 
896 3.984375 
897 3.881836 
898 3.784180 
899 3.686523 
900 3.593750 
901 3.491211 
902 3.398438 
903 3.291016 
904 3.188477 
905 3.076172 
906 2.978516 
907 2.875977 
908 2.783203 
909 2.685547 
910 2.587891 
911 2.480469 
912 2.373047 
913 2.260742 
914 2.148438 
915 2.021484 
916 1.904297 
917 1.762695 
918 1.650391 
919 1.528320 
920 1.411133 
921 1.279297 
922 1.137695 
923 0.991211 
924 0.854492 
925 0.708008 
926 0.566406 
927 0.419922 
928 0.273438 
929 0.122070 
930 0.004883 
931 0.000000 
932 0.014648 
933 0.126953 
934 0.253906 
935 0.400391 
936 0.537109 
937 0.673828 
938 0.805664 
939 0.932617 
940 1.054688 
941 1.176758 
942 1.298828 
943 1.416016 
944 1.538086 
945 1.655273 
946 1.772461 
947 1.884766 
948 1.992188 
949 2.099609 
950 2.211914 
951 2.329102 
952 2.441406 
953 2.548828 
954 2.656250 
955 2.753906 
956 2.856445 
957 2.949219 
958 3.051758 
959 3.144531 
960 3.237305 
961 3.320312 
962 3.408203 
963 3.500977 
964 3.593750 
965 3.671875 
966 3.745117 
967 3.803711 
968 3.857422 
969 3.906250 
970 3.955078 
971 2.993164 
972 3.095703 
973 3.188477 
974 3.271484 
975 3.359375 
976 3.452148 
977 3.544922 
978 3.632812 
979 3.701172 
980 3.769531 
981 3.823242 
982 3.881836 
983 3.925781 
984 3.969727 
985 4.013672 
986 4.062500 
987 4.086914 
988 4.116211 
989 4.135742 
990 4.165039 
991 4.179688 
992 4.199219 
993 4.213867 
994 4.233398 
995 4.243164 
996 4.257812 
997 4.267578 
998 4.277344 
999 4.282227 
1000 4.287109 
1001 4.287109 
1002 4.291992 
1003 4.282227 
1004 4.277344 
1005 4.262695 
1006 4.238281 
1007 4.179688 
1008 4.111328 
1009 4.042969 
1010 3.959961 
1011 3.852539 
1012 3.759766 
1013 3.666992 
1014 3.569336 
1015 3.466797 
1016 3.364258 
1017 3.256836 
1018 3.149414 
1019 3.046875 
1020 2.949219 
1021 2.846680 
1022 2.753906 
1023 2.651367 
1024 2.553711 
1025 2.446289 
1026 2.338867 
1027 2.226562 
1028 2.114258 
1029 1.992188 
1030 1.870117 
1031 1.718750 
1032 1.606445 
1033 1.489258 
1034 1.372070 
1035 1.240234 
1036 1.098633 
1037 0.952148 
1038 0.810547 
1039 0.664062 
1040 0.522461 
1041 0.375977 
1042 0.229492 
1043 0.083008 
1044 0.000000 
1045 0.000000 
1046 0.043945 
1047 0.161133 
1048 0.292969 
1049 0.434570 
1050 0.576172 
1051 0.712891 
1052 0.844727 
1053 0.966797 
1054 1.088867 
1055 1.210938 
1056 1.333008 
1057 1.450195 
1058 1.572266 
1059 1.684570 
1060 1.801758 
1061 1.909180 
1062 2.026367 
1063 2.133789 
1064 2.250977 
1065 2.363281 
1066 2.475586 
1067 2.578125 
1068 2.680664 
1069 2.778320 
1070 2.880859 
1071 2.978516 
1072 3.081055 
1073 3.173828 
1074 3.247070 
1075 3.339844 
1076 3.432617 
1077 3.520508 
1078 3.613281 
1079 3.686523 
1080 3.754883 
1081 3.808594 
1082 3.867188 
1083 3.911133 
1084 3.959961 
1085 4.003906 
1086 4.047852 
1087 4.082031 
1088 4.111328 
1089 4.130859 
1090 4.160156 
1091 4.179688 
1092 4.199219 
1093 4.213867 
1094 4.228516 
1095 4.243164 
1096 4.257812 
1097 4.267578 
1098 4.282227 
1099 4.282227 
1100 4.291992 
1101 4.291992 
1102 4.291992 
1103 4.287109 
1104 4.282227 
1105 4.262695 
1106 4.243164 
1107 4.184570 
1108 4.116211 
1109 4.052734 
1110 3.969727 
1111 3.867188 
1112 3.769531 
1113 3.676758 
1114 3.583984 
1115 3.481445 
1116 3.378906 
1117 3.271484 
1118 3.168945 
1119 3.061523 
1120 2.963867 
1121 2.866211 
1122 2.773438 
1123 2.670898 
1124 2.573242 
1125 2.465820 
1126 2.358398 
1127 2.246094 
1128 2.128906 
1129 2.001953 
1130 1.889648 
1131 1.743164 
1132 1.625977 
1133 1.508789 
1134 1.386719 
1135 1.254883 
1136 1.118164 
1137 0.971680 
1138 0.830078 
1139 0.683594 
1140 0.546875 
1141 0.395508 
1142 0.249023 
1143 0.107422 
1144 0.000000 
1145 0.000000 
1146 0.029297 
1147 0.146484 
1148 0.278320 
1149 0.415039 
1150 0.556641 
1151 0.693359 
1152 0.825195 
1153 0.952148 
1154 1.079102 
1155 1.196289 
1156 1.318359 
1157 1.435547 
1158 1.552734 
1159 1.669922 
1160 1.787109 
1161 1.899414 
1162 2.011719 
1163 2.124023 
1164 2.236328 
1165 2.348633 
1166 2.460938 
1167 2.563477 
1168 2.670898 
1169 2.768555 
1170 2.871094 
1171 2.963867 
1172 3.066406 
1173 1.728516 
1174 1.845703 
1175 1.953125 
1176 2.065430 
1177 2.177734 
1178 2.294922 
1179 2.402344 
1180 2.514648 
1181 2.617188 
1182 2.719727 
1183 2.822266 
1184 2.915039 
1185 3.017578 
1186 3.115234 
1187 3.208008 
1188 3.291016 
1189 3.378906 
1190 3.471680 
1191 3.559570 
1192 3.647461 
1193 3.715820 
1194 3.784180 
1195 3.837891 
1196 3.891602 
1197 3.935547 
1198 3.979492 
1199 4.023438 
1200 4.067383 
1201 4.091797 
1202 4.121094 
1203 4.140625 
1204 4.165039 
1205 4.179688 
1206 4.199219 
1207 4.213867 
1208 4.233398 
1209 4.243164 
1210 4.257812 
1211 4.267578 
1212 4.277344 
1213 4.282227 
1214 4.287109 
1215 4.287109 
1216 4.287109 
1217 4.277344 
1218 4.272461 
1219 4.252930 
1220 4.228516 
1221 4.165039 
1222 4.101562 
1223 4.028320 
1224 3.935547 
1225 3.833008 
1226 3.740234 
1227 3.642578 
1228 3.549805 
1229 3.447266 
1230 3.344727 
1231 3.237305 
1232 3.129883 
1233 3.022461 
1234 2.919922 
1235 2.822266 
1236 2.724609 
1237 2.626953 
1238 2.529297 
1239 2.421875 
1240 2.314453 
1241 2.202148 
1242 2.089844 
1243 1.962891 
1244 1.835938 
1245 1.694336 
1246 1.577148 
1247 1.459961 
1248 1.342773 
1249 1.206055 
1250 1.064453 
1251 0.917969 
1252 0.776367 
1253 0.629883 
1254 0.493164 
1255 0.341797 
1256 0.195312 
1257 0.058594 
1258 0.000000 
1259 0.000000 
1260 0.063477 
1261 0.190430 
1262 0.327148 
1263 0.463867 
1264 0.605469 
1265 0.742188 
1266 0.874023 
1267 0.996094 
1268 1.118164 
1269 1.240234 
1270 1.357422 
1271 1.479492 
1272 1.596680 
1273 1.708984 
1274 1.826172 
1275 1.933594 
1276 2.045898 
1277 2.158203 
1278 2.270508 
1279 2.382812 
1280 2.495117 
1281 2.597656 
1282 2.705078 
1283 2.802734 
1284 2.900391 
1285 2.993164 
1286 3.095703 
1287 3.188477 
1288 3.266602 
1289 3.354492 
1290 3.447266 
1291 3.540039 
1292 3.627930 
1293 3.696289 
1294 3.764648 
1295 3.823242 
1296 3.876953 
1297 3.925781 
1298 3.969727 
1299 4.013672 
1300 4.057617 
1301 4.082031 
1302 4.111328 
1303 4.135742 
1304 4.160156 
1305 4.184570 
1306 4.204102 
1307 4.213867 
1308 4.233398 
1309 4.243164 
1310 4.262695 
1311 4.267578 
1312 4.277344 
1313 4.282227 
1314 4.287109 
1315 4.287109 
1316 4.291992 
1317 4.282227 
1318 4.277344 
1319 4.257812 
1320 4.233398 
1321 4.169922 
1322 4.106445 
1323 4.033203 
1324 3.950195 
1325 3.842773 
1326 3.750000 
1327 3.657227 
1328 3.559570 
1329 3.461914 
1330 3.359375 
1331 3.251953 
1332 3.149414 
1333 3.041992 
1334 2.939453 
1335 2.836914 
1336 2.744141 
1337 2.646484 
1338 2.548828 
1339 2.441406 
1340 2.333984 
1341 2.216797 
1342 2.104492 
1343 1.977539 
1344 1.860352 
1345 1.713867 
1346 1.601562 
1347 1.484375 
1348 1.357422 
1349 1.225586 
1350 1.083984 
1351 0.937500 
1352 0.795898 
1353 0.654297 
1354 0.512695 
1355 0.366211 
1356 0.214844 
1357 0.073242 
1358 0.000000 
1359 0.000000 
1360 0.053711 
1361 0.175781 
1362 0.302734 
1363 0.444336 
1364 0.585938 
1365 0.722656 
1366 0.854492 
1367 0.976562 
1368 1.103516 
1369 1.220703 
1370 1.342773 
1371 1.459961 
1372 1.582031 
1373 1.694336 
1374 1.811523 
1375 0.229492 
1376 0.371094 
1377 0.507812 
1378 0.649414 
1379 0.776367 
1380 0.913086 
1381 1.030273 
1382 1.157227 
1383 1.279297 
1384 1.396484 
1385 1.513672 
1386 1.635742 
1387 1.752930 
1388 1.865234 
1389 1.972656 
1390 2.084961 
1391 2.192383 
1392 2.309570 
1393 2.421875 
1394 2.534180 
1395 2.636719 
1396 2.734375 
1397 2.836914 
1398 2.929688 
1399 3.027344 
1400 3.129883 
1401 3.222656 
1402 3.300781 
1403 3.388672 
1404 3.486328 
1405 3.574219 
1406 3.657227 
1407 3.720703 
1408 3.789062 
1409 3.842773 
1410 3.896484 
1411 3.940430 
1412 3.989258 
1413 4.028320 
1414 4.072266 
1415 4.096680 
1416 4.121094 
1417 4.145508 
1418 4.174805 
1419 4.184570 
1420 4.204102 
1421 4.218750 
1422 4.238281 
1423 4.248047 
1424 4.262695 
1425 4.267578 
1426 4.277344 
1427 4.282227 
1428 4.291992 
1429 4.287109 
1430 4.287109 
1431 4.277344 
1432 4.272461 
1433 4.252930 
1434 4.213867 
1435 4.155273 
1436 4.091797 
1437 4.013672 
1438 3.916016 
1439 3.818359 
1440 3.725586 
1441 3.623047 
1442 3.535156 
1443 3.432617 
1444 3.330078 
1445 3.217773 
1446 3.115234 
1447 3.007812 
1448 2.910156 
1449 2.807617 
1450 2.719727 
1451 2.617188 
1452 2.514648 
1453 2.407227 
1454 2.299805 
1455 2.182617 
1456 2.065430 
1457 1.948242 
1458 1.816406 
1459 1.674805 
1460 1.562500 
1461 1.445312 
1462 1.318359 
1463 1.181641 
1464 1.040039 
1465 0.898438 
1466 0.751953 
1467 0.610352 
1468 0.468750 
1469 0.317383 
1470 0.175781 
1471 0.039062 
1472 0.000000 
1473 0.000000 
1474 0.083008 
1475 0.209961 
1476 0.346680 
1477 0.488281 
1478 0.629883 
1479 0.756836 
1480 0.888672 
1481 1.015625 
1482 1.137695 
1483 1.254883 
1484 1.376953 
1485 1.499023 
1486 1.611328 
1487 1.728516 
1488 1.845703 
1489 1.953125 
1490 2.065430 
1491 2.172852 
1492 2.290039 
1493 2.402344 
1494 2.514648 
1495 2.617188 
1496 2.719727 
1497 2.817383 
1498 2.910156 
1499 3.012695 
1500 3.115234 
1501 3.203125 
1502 3.286133 
1503 3.374023 
1504 3.461914 
1505 3.554688 
1506 3.637695 
1507 3.706055 
1508 3.774414 
1509 3.828125 
1510 3.886719 
1511 3.930664 
1512 3.979492 
1513 4.018555 
1514 4.062500 
1515 4.086914 
1516 4.116211 
1517 4.140625 
1518 4.169922 
1519 4.184570 
1520 4.204102 
1521 4.218750 
1522 4.238281 
1523 4.248047 
1524 4.262695 
1525 4.272461 
1526 4.282227 
1527 4.282227 
1528 4.291992 
1529 4.287109 
1530 4.291992 
1531 4.282227 
1532 4.277344 
1533 4.252930 
1534 4.218750 
1535 4.160156 
1536 4.096680 
1537 4.023438 
1538 3.935547 
1539 3.828125 
1540 3.735352 
1541 3.637695 
1542 3.544922 
1543 3.442383 
1544 3.344727 
1545 3.232422 
1546 3.129883 
1547 3.022461 
1548 2.929688 
1549 2.827148 
1550 2.734375 
1551 2.631836 
1552 2.534180 
1553 2.421875 
1554 2.314453 
1555 2.197266 
1556 2.084961 
1557 1.958008 
1558 1.840820 
1559 1.689453 
1560 1.582031 
1561 1.464844 
1562 1.337891 
1563 1.206055 
1564 1.064453 
1565 0.917969 
1566 0.776367 
1567 0.629883 
1568 0.493164 
1569 0.341797 
1570 0.195312 
1571 0.058594 
1572 0.000000 
1573 0.000000 
1574 0.063477 
1575 0.195312 
1576 0.327148 
1577 1.162109 
1578 1.020508 
1579 0.878906 
1580 0.737305 
1581 0.590820 
1582 0.449219 
1583 0.297852 
1584 0.151367 
1585 0.024414 
1586 0.000000 
1587 0.000000 
1588 0.102539 
1589 0.229492 
1590 0.366211 
1591 0.507812 
1592 0.654297 
1593 0.776367 
1594 0.903320 
1595 1.030273 
1596 1.162109 
1597 1.269531 
1598 1.391602 
1599 1.518555 
1600 1.630859 
1601 1.738281 
1602 1.870117 
1603 1.958008 
1604 2.084961 
1605 2.187500 
1606 2.309570 
1607 2.416992 
1608 2.529297 
1609 2.636719 
1610 2.724609 
1611 2.836914 
1612 2.924805 
1613 3.017578 
1614 3.129883 
1615 3.222656 
1616 3.300781 
1617 3.388672 
1618 3.481445 
1619 3.569336 
1620 3.652344 
1621 3.720703 
1622 3.789062 
1623 3.842773 
1624 3.901367 
1625 3.940430 
1626 3.984375 
1627 4.028320 
1628 4.072266 
1629 4.096680 
1630 4.121094 
1631 4.145508 
1632 4.169922 
1633 4.189453 
1634 4.204102 
1635 4.218750 
1636 4.238281 
1637 4.248047 
1638 4.262695 
1639 4.267578 
1640 4.277344 
1641 4.282227 
1642 4.287109 
1643 4.287109 
1644 4.287109 
1645 4.277344 
1646 4.272461 
1647 4.248047 
1648 4.213867 
1649 4.155273 
1650 4.091797 
1651 4.008789 
1652 3.916016 
1653 3.818359 
1654 3.725586 
1655 3.627930 
1656 3.530273 
1657 3.432617 
1658 3.325195 
1659 3.217773 
1660 3.110352 
1661 3.002930 
1662 2.905273 
1663 2.807617 
1664 2.714844 
1665 2.612305 
1666 2.514648 
1667 2.407227 
1668 2.299805 
1669 2.182617 
1670 2.070312 
1671 1.948242 
1672 1.816406 
1673 1.674805 
1674 1.562500 
1675 1.445312 
1676 1.323242 
1677 1.186523 
1678 1.044922 
1679 0.903320 
1680 0.756836 
1681 0.615234 
1682 0.468750 
1683 0.322266 
1684 0.175781 
1685 0.043945 
1686 0.000000 
1687 0.000000 
1688 0.078125 
1689 0.209961 
1690 0.346680 
1691 0.488281 
1692 0.625000 
1693 0.756836 
1694 0.888672 
1695 1.010742 
1696 1.137695 
1697 1.254883 
1698 1.372070 
1699 1.494141 
1700 1.611328 
1701 1.723633 
1702 1.835938 
1703 1.948242 
1704 2.060547 
1705 2.167969 
1706 2.285156 
1707 2.397461 
1708 2.504883 
1709 2.612305 
1710 2.714844 
1711 2.812500 
1712 2.905273 
1713 3.007812 
1714 3.105469 
1715 3.198242 
1716 3.281250 
1717 3.364258 
1718 3.461914 
1719 3.549805 
1720 3.637695 
1721 3.706055 
1722 3.774414 
1723 3.833008 
1724 3.886719 
1725 3.930664 
1726 3.979492 
1727 4.018555 
1728 4.062500 
1729 4.091797 
1730 4.121094 
1731 4.145508 
1732 4.169922 
1733 4.184570 
1734 4.204102 
1735 4.218750 
1736 4.233398 
1737 4.248047 
1738 4.262695 
1739 4.267578 
1740 4.277344 
1741 4.282227 
1742 4.287109 
1743 4.287109 
1744 4.287109 
1745 4.282227 
1746 4.272461 
1747 4.252930 
1748 4.218750 
1749 4.160156 
1750 4.091797 
1751 4.018555 
1752 3.930664 
1753 3.828125 
1754 3.740234 
1755 3.637695 
1756 3.549805 
1757 3.447266 
1758 3.344727 
1759 3.237305 
1760 3.129883 
1761 3.022461 
1762 2.924805 
1763 2.822266 
1764 2.729492 
1765 2.631836 
1766 2.534180 
1767 2.426758 
1768 2.314453 
1769 2.202148 
1770 2.084961 
1771 1.958008 
1772 1.840820 
1773 1.699219 
1774 1.582031 
1775 1.464844 
1776 1.342773 
1777 1.206055 
1778 1.064453 
1779 2.607422 
1780 2.504883 
1781 2.392578 
1782 2.285156 
1783 2.172852 
1784 2.055664 
1785 1.928711 
1786 1.801758 
1787 1.665039 
1788 1.557617 
1789 1.435547 
1790 1.308594 
1791 1.171875 
1792 1.030273 
1793 0.883789 
1794 0.737305 
1795 0.595703 
1796 0.454102 
1797 0.307617 
1798 0.161133 
1799 0.029297 
1800 0.000000 
1801 0.000000 
1802 0.092773 
1803 0.224609 
1804 0.361328 
1805 0.498047 
1806 0.639648 
1807 0.771484 
1808 0.903320 
1809 1.025391 
1810 1.147461 
1811 1.269531 
1812 1.386719 
1813 1.503906 
1814 1.630859 
1815 1.743164 
1816 1.855469 
1817 1.962891 
1818 2.075195 
1819 2.182617 
1820 2.299805 
1821 2.407227 
1822 2.519531 
1823 2.622070 
1824 2.724609 
1825 2.822266 
1826 2.919922 
1827 3.017578 
1828 3.120117 
1829 3.212891 
1830 3.291016 
1831 3.378906 
1832 3.476562 
1833 3.564453 
1834 3.652344 
1835 3.720703 
1836 3.784180 
1837 3.837891 
1838 3.896484 
1839 3.935547 
1840 3.984375 
1841 4.028320 
1842 4.072266 
1843 4.091797 
1844 4.121094 
1845 4.145508 
1846 4.169922 
1847 4.189453 
1848 4.204102 
1849 4.218750 
1850 4.233398 
1851 4.248047 
1852 4.262695 
1853 4.267578 
1854 4.282227 
1855 4.282227 
1856 4.287109 
1857 4.287109 
1858 4.287109 
1859 4.277344 
1860 4.272461 
1861 4.252930 
1862 4.218750 
1863 4.160156 
1864 4.096680 
1865 4.018555 
1866 3.925781 
1867 3.823242 
1868 3.730469 
1869 3.627930 
1870 3.535156 
1871 3.432617 
1872 3.330078 
1873 3.222656 
1874 3.120117 
1875 3.012695 
1876 2.915039 
1877 2.812500 
1878 2.719727 
1879 2.622070 
1880 2.519531 
1881 2.412109 
1882 2.304688 
1883 2.187500 
1884 2.070312 
1885 1.953125 
1886 1.826172 
1887 1.684570 
1888 1.572266 
1889 1.455078 
1890 1.328125 
1891 1.191406 
1892 1.054688 
1893 0.908203 
1894 0.761719 
1895 0.620117 
1896 0.478516 
1897 0.332031 
1898 0.185547 
1899 0.048828 
1900 0.000000 
1901 0.000000 
1902 0.073242 
1903 0.205078 
1904 0.341797 
1905 0.478516 
1906 0.620117 
1907 0.751953 
1908 0.878906 
1909 1.000977 
1910 1.127930 
1911 1.250000 
1912 1.372070 
1913 1.489258 
1914 1.606445 
1915 1.718750 
1916 1.835938 
1917 1.943359 
1918 2.055664 
1919 2.163086 
1920 2.280273 
1921 2.392578 
1922 2.500000 
1923 2.602539 
1924 2.705078 
1925 2.807617 
1926 2.900391 
1927 3.002930 
1928 3.100586 
1929 3.193359 
1930 3.276367 
1931 3.359375 
1932 3.457031 
1933 3.544922 
1934 3.632812 
1935 3.701172 
1936 3.769531 
1937 3.823242 
1938 3.881836 
1939 3.925781 
1940 3.974609 
1941 4.018555 
1942 4.062500 
1943 4.086914 
1944 4.121094 
1945 4.140625 
1946 4.169922 
1947 4.184570 
1948 4.204102 
1949 4.218750 
1950 4.238281 
1951 4.248047 
1952 4.262695 
1953 4.267578 
1954 4.282227 
1955 4.282227 
1956 4.291992 
1957 4.287109 
1958 4.291992 
1959 4.282227 
1960 4.272461 
1961 4.252930 
1962 4.218750 
1963 4.160156 
1964 4.101562 
1965 4.028320 
1966 3.935547 
1967 3.833008 
1968 3.740234 
1969 3.642578 
1970 3.549805 
1971 3.447266 
1972 3.344727 
1973 3.242188 
1974 3.134766 
1975 3.032227 
1976 2.929688 
1977 2.832031 
1978 2.739258 
1979 2.641602 
1980 2.539062 
1981 3.823242 
1982 3.730469 
1983 3.627930 
1984 3.535156 
1985 3.432617 
1986 3.330078 
1987 3.222656 
1988 3.120117 
1989 3.012695 
1990 2.915039 
1991 2.817383 
1992 2.724609 
1993 2.622070 
1994 2.524414 
1995 2.416992 
1996 2.309570 
1997 2.192383 
1998 2.075195 
1999 1.943359 
2000 1.821289 
2001 1.679688 
2002 1.572266 
2003 1.450195 
2004 1.328125 
2005 1.191406 
2006 1.049805 
2007 0.903320 
2008 0.756836 
2009 0.615234 
2010 0.473633 
2011 0.327148 
2012 0.180664 
2013 0.043945 
2014 0.000000 
2015 0.000000 
2016 0.073242 
2017 0.205078 
2018 0.341797 
2019 0.478516 
2020 0.620117 
2021 0.751953 
2022 0.883789 
2023 1.005859 
2024 1.132812 
2025 1.250000 
2026 1.372070 
2027 1.489258 
2028 1.606445 
2029 1.718750 
2030 1.835938 
2031 1.943359 
2032 2.060547 
2033 2.167969 
2034 2.285156 
2035 2.397461 
2036 2.504883 
2037 2.607422 
2038 2.709961 
2039 2.807617 
2040 2.905273 
2041 3.002930 
2042 3.105469 
2043 3.198242 
2044 3.281250 
2045 3.369141 
2046 3.461914 
2047 3.554688 
2048 3.642578 
2049 3.710938 
2050 3.779297 
2051 3.833008 
2052 3.886719 
2053 3.930664 
2054 3.974609 
2055 4.018555 
2056 4.062500 
2057 4.086914 
2058 4.116211 
2059 4.140625 
2060 4.165039 
2061 4.184570 
2062 4.204102 
2063 4.213867 
2064 4.233398 
2065 4.243164 
2066 4.257812 
2067 4.267578 
2068 4.277344 
2069 4.282227 
2070 4.287109 
2071 4.287109 
2072 4.287109 
2073 4.282227 
2074 4.272461 
2075 4.252930 
2076 4.223633 
2077 4.165039 
2078 4.101562 
2079 4.028320 
2080 3.940430 
2081 3.837891 
2082 3.745117 
2083 3.652344 
2084 3.554688 
2085 3.452148 
2086 3.349609 
2087 3.237305 
2088 3.134766 
2089 3.027344 
2090 2.929688 
2091 2.827148 
2092 2.734375 
2093 2.636719 
2094 2.534180 
2095 2.431641 
2096 2.324219 
2097 2.207031 
2098 2.094727 
2099 1.972656 
2100 1.840820 
2101 1.699219 
2102 1.582031 
2103 1.469727 
2104 1.347656 
2105 1.215820 
2106 1.074219 
2107 0.927734 
2108 0.786133 
2109 0.639648 
2110 0.498047 
2111 0.351562 
2112 0.205078 
2113 0.063477 
2114 0.000000 
2115 0.000000 
2116 0.058594 
2117 0.185547 
2118 0.317383 
2119 0.458984 
2120 0.595703 
2121 0.732422 
2122 0.859375 
2123 0.981445 
2124 1.108398 
2125 1.230469 
2126 1.347656 
2127 1.469727 
2128 1.586914 
2129 1.699219 
2130 1.816406 
2131 1.923828 
2132 2.036133 
2133 2.148438 
2134 2.265625 
2135 2.373047 
2136 2.485352 
2137 2.587891 
2138 2.690430 
2139 2.792969 
2140 2.885742 
2141 2.983398 
2142 3.085938 
2143 3.178711 
2144 3.256836 
2145 3.349609 
2146 3.442383 
2147 3.535156 
2148 3.623047 
2149 3.691406 
2150 3.764648 
2151 3.823242 
2152 3.876953 
2153 3.920898 
2154 3.964844 
2155 4.008789 
2156 4.057617 
2157 4.082031 
2158 4.111328 
2159 4.135742 
2160 4.160156 
2161 4.179688 
2162 4.199219 
2163 4.213867 
2164 4.228516 
2165 4.243164 
2166 4.257812 
2167 4.267578 
2168 4.277344 
2169 4.282227 
2170 4.287109 
2171 4.287109 
2172 4.287109 
2173 4.282227 
2174 4.277344 
2175 4.257812 
2176 4.228516 
2177 4.169922 
2178 4.106445 
2179 4.038086 
2180 3.955078 
2181 3.847656 
2182 3.759766 
2183 4.287109 
2184 4.291992 
2185 4.287109 
2186 4.287109 
2187 4.282227 
2188 4.272461 
2189 4.252930 
2190 4.208984 
2191 4.155273 
2192 4.091797 
2193 4.013672 
2194 3.920898 
2195 3.823242 
2196 3.730469 
2197 3.627930 
2198 3.540039 
2199 3.437500 
2200 3.339844 
2201 3.227539 
2202 3.125000 
2203 3.017578 
2204 2.915039 
2205 2.812500 
2206 2.719727 
2207 2.622070 
2208 2.524414 
2209 2.416992 
2210 2.304688 
2211 2.187500 
2212 2.075195 
2213 1.948242 
2214 1.826172 
2215 1.684570 
2216 1.572266 
2217 1.450195 
2218 1.328125 
2219 1.191406 
2220 1.049805 
2221 0.903320 
2222 0.761719 
2223 0.620117 
2224 0.478516 
2225 0.327148 
2226 0.180664 
2227 0.043945 
2228 0.000000 
2229 0.000000 
2230 0.078125 
2231 0.205078 
2232 0.336914 
2233 0.478516 
2234 0.620117 
2235 0.747070 
2236 0.883789 
2237 1.005859 
2238 1.127930 
2239 1.250000 
2240 1.367188 
2241 1.484375 
2242 1.606445 
2243 1.718750 
2244 1.835938 
2245 1.943359 
2246 2.055664 
2247 2.167969 
2248 2.280273 
2249 2.392578 
2250 2.504883 
2251 2.607422 
2252 2.709961 
2253 2.812500 
2254 2.905273 
2255 3.007812 
2256 3.110352 
2257 3.198242 
2258 3.281250 
2259 3.369141 
2260 3.461914 
2261 3.554688 
2262 3.642578 
2263 3.710938 
2264 3.779297 
2265 3.833008 
2266 3.886719 
2267 3.930664 
2268 3.979492 
2269 4.018555 
2270 4.062500 
2271 4.086914 
2272 4.116211 
2273 4.140625 
2274 4.165039 
2275 4.184570 
2276 4.204102 
2277 4.213867 
2278 4.233398 
2279 4.243164 
2280 4.257812 
2281 4.267578 
2282 4.277344 
2283 4.282227 
2284 4.287109 
2285 4.282227 
2286 4.287109 
2287 4.277344 
2288 4.272461 
2289 4.252930 
2290 4.228516 
2291 4.165039 
2292 4.101562 
2293 4.028320 
2294 3.940430 
2295 3.837891 
2296 3.745117 
2297 3.647461 
2298 3.554688 
2299 3.452148 
2300 3.349609 
2301 3.242188 
2302 3.139648 
2303 3.032227 
2304 2.929688 
2305 2.827148 
2306 2.734375 
2307 2.631836 
2308 2.534180 
2309 2.426758 
2310 2.324219 
2311 2.202148 
2312 2.089844 
2313 1.972656 
2314 1.840820 
2315 1.699219 
2316 1.582031 
2317 1.469727 
2318 1.347656 
2319 1.210938 
2320 1.069336 
2321 0.927734 
2322 0.781250 
2323 0.639648 
2324 0.498047 
2325 0.351562 
2326 0.205078 
2327 0.063477 
2328 0.000000 
2329 0.000000 
2330 0.058594 
2331 0.185547 
2332 0.317383 
2333 0.454102 
2334 0.595703 
2335 0.727539 
2336 0.859375 
2337 0.981445 
2338 1.108398 
2339 1.225586 
2340 1.352539 
2341 1.469727 
2342 1.591797 
2343 1.699219 
2344 1.816406 
2345 1.923828 
2346 2.036133 
2347 2.148438 
2348 2.260742 
2349 2.373047 
2350 2.485352 
2351 2.587891 
2352 2.695312 
2353 2.792969 
2354 2.890625 
2355 2.983398 
2356 3.085938 
2357 3.183594 
2358 3.256836 
2359 3.349609 
2360 3.442383 
2361 3.530273 
2362 3.618164 
2363 3.696289 
2364 3.759766 
2365 3.818359 
2366 3.876953 
2367 3.920898 
2368 3.969727 
2369 4.013672 
2370 4.057617 
2371 4.082031 
2372 4.111328 
2373 4.135742 
2374 4.165039 
2375 4.179688 
2376 4.199219 
2377 4.213867 
2378 4.233398 
2379 4.243164 
2380 4.257812 
2381 4.267578 
2382 4.277344 
2383 4.282227 
2384 4.287109 
2385 4.096680 
2386 4.121094 
2387 4.145508 
2388 4.169922 
2389 4.184570 
2390 4.204102 
2391 4.218750 
2392 4.238281 
2393 4.248047 
2394 4.262695 
2395 4.267578 
2396 4.277344 
2397 4.282227 
2398 4.287109 
2399 4.287109 
2400 4.287109 
2401 4.277344 
2402 4.267578 
2403 4.248047 
2404 4.204102 
2405 4.145508 
2406 4.077148 
2407 3.999023 
2408 3.901367 
2409 3.803711 
2410 3.710938 
2411 3.608398 
2412 3.515625 
2413 3.413086 
2414 3.310547 
2415 3.203125 
2416 3.100586 
2417 2.998047 
2418 2.900391 
2419 2.802734 
2420 2.705078 
2421 2.607422 
2422 2.504883 
2423 2.392578 
2424 2.285156 
2425 2.167969 
2426 2.050781 
2427 1.923828 
2428 1.796875 
2429 1.665039 
2430 1.552734 
2431 1.430664 
2432 1.308594 
2433 1.166992 
2434 1.030273 
2435 0.883789 
2436 0.742188 
2437 0.595703 
2438 0.454102 
2439 0.302734 
2440 0.161133 
2441 0.029297 
2442 0.000000 
2443 0.000000 
2444 0.092773 
2445 0.224609 
2446 0.366211 
2447 0.498047 
2448 0.639648 
2449 0.771484 
2450 0.903320 
2451 1.025391 
2452 1.152344 
2453 1.269531 
2454 1.391602 
2455 1.508789 
2456 1.625977 
2457 1.738281 
2458 1.855469 
2459 1.962891 
2460 2.075195 
2461 2.187500 
2462 2.304688 
2463 2.412109 
2464 2.524414 
2465 2.622070 
2466 2.729492 
2467 2.827148 
2468 2.924805 
2469 3.022461 
2470 3.120117 
2471 3.212891 
2472 3.291016 
2473 3.383789 
2474 3.476562 
2475 3.569336 
2476 3.652344 
2477 3.720703 
2478 3.784180 
2479 3.837891 
2480 3.891602 
2481 3.935547 
2482 3.984375 
2483 4.023438 
2484 4.067383 
2485 4.091797 
2486 4.121094 
2487 4.140625 
2488 4.169922 
2489 4.184570 
2490 4.204102 
2491 4.213867 
2492 4.233398 
2493 4.243164 
2494 4.257812 
2495 4.267578 
2496 4.277344 
2497 4.282227 
2498 4.287109 
2499 4.282227 
2500 4.287109 
2501 4.277344 
2502 4.272461 
2503 4.248047 
2504 4.213867 
2505 4.155273 
2506 4.091797 
2507 4.013672 
2508 3.920898 
2509 3.823242 
2510 3.730469 
2511 3.627930 
2512 3.535156 
2513 3.432617 
2514 3.325195 
2515 3.217773 
2516 3.115234 
2517 3.007812 
2518 2.910156 
2519 2.812500 
2520 2.719727 
2521 2.617188 
2522 2.519531 
2523 2.412109 
2524 2.304688 
2525 2.187500 
2526 2.070312 
2527 1.948242 
2528 1.816406 
2529 1.674805 
2530 1.567383 
2531 1.450195 
2532 1.328125 
2533 1.191406 
2534 1.049805 
2535 0.903320 
2536 0.761719 
2537 0.615234 
2538 0.473633 
2539 0.327148 
2540 0.180664 
2541 0.043945 
2542 0.000000 
2543 0.000000 
2544 0.078125 
2545 0.205078 
2546 0.341797 
2547 0.478516 
2548 0.620117 
2549 0.751953 
2550 0.883789 
2551 1.005859 
2552 1.132812 
2553 1.250000 
2554 1.372070 
2555 1.484375 
2556 1.606445 
2557 1.718750 
2558 1.835938 
2559 1.943359 
2560 2.055664 
2561 2.167969 
2562 2.285156 
2563 2.397461 
2564 2.504883 
2565 2.607422 
2566 2.705078 
2567 2.807617 
2568 2.905273 
2569 3.002930 
2570 3.105469 
2571 3.198242 
2572 3.281250 
2573 3.364258 
2574 3.457031 
2575 3.549805 
2576 3.632812 
2577 3.706055 
2578 3.774414 
2579 3.828125 
2580 3.881836 
2581 3.925781 
2582 3.969727 
2583 4.013672 
2584 4.062500 
2585 4.086914 
2586 4.116211 
2587 3.413086 
2588 3.510742 
2589 3.598633 
2590 3.671875 
2591 3.740234 
2592 3.808594 
2593 3.857422 
2594 3.906250 
2595 3.950195 
2596 3.999023 
2597 4.038086 
2598 4.077148 
2599 4.101562 
2600 4.130859 
2601 4.150391 
2602 4.174805 
2603 4.189453 
2604 4.208984 
2605 4.223633 
2606 4.243164 
2607 4.252930 
2608 4.267578 
2609 4.272461 
2610 4.282227 
2611 4.282227 
2612 4.287109 
2613 4.287109 
2614 4.287109 
2615 4.277344 
2616 4.267578 
2617 4.238281 
2618 4.194336 
2619 4.125977 
2620 4.057617 
2621 3.969727 
2622 3.876953 
2623 3.779297 
2624 3.686523 
2625 3.588867 
2626 3.491211 
2627 3.388672 
2628 3.291016 
2629 3.178711 
2630 3.076172 
2631 2.968750 
2632 2.871094 
2633 2.773438 
2634 2.680664 
2635 2.578125 
2636 2.475586 
2637 2.368164 
2638 2.255859 
2639 2.138672 
2640 2.011719 
2641 1.894531 
2642 1.757812 
2643 1.630859 
2644 1.518555 
2645 1.396484 
2646 1.269531 
2647 1.132812 
2648 0.991211 
2649 0.844727 
2650 0.698242 
2651 0.556641 
2652 0.415039 
2653 0.263672 
2654 0.122070 
2655 0.004883 
2656 0.000000 
2657 0.009766 
2658 0.126953 
2659 0.253906 
2660 0.400391 
2661 0.537109 
2662 0.678711 
2663 0.805664 
2664 0.937500 
2665 1.054688 
2666 1.181641 
2667 1.298828 
2668 1.420898 
2669 1.538086 
2670 1.660156 
2671 1.772461 
2672 1.884766 
2673 1.992188 
2674 2.104492 
2675 2.216797 
2676 2.333984 
2677 2.441406 
2678 2.548828 
2679 2.651367 
2680 2.753906 
2681 2.851562 
2682 2.949219 
2683 3.046875 
2684 3.144531 
2685 3.232422 
2686 3.320312 
2687 3.403320 
2688 3.500977 
2689 3.588867 
2690 3.671875 
2691 3.735352 
2692 3.803711 
2693 3.857422 
2694 3.906250 
2695 3.950195 
2696 3.999023 
2697 4.038086 
2698 4.077148 
2699 4.096680 
2700 4.125977 
2701 4.150391 
2702 4.174805 
2703 4.189453 
2704 4.208984 
2705 4.218750 
2706 4.238281 
2707 4.248047 
2708 4.262695 
2709 4.267578 
2710 4.277344 
2711 4.282227 
2712 4.287109 
2713 4.287109 
2714 4.287109 
2715 4.277344 
2716 4.267578 
2717 4.243164 
2718 4.204102 
2719 4.140625 
2720 4.072266 
2721 3.984375 
2722 3.891602 
2723 3.793945 
2724 3.706055 
2725 3.603516 
2726 3.510742 
2727 3.408203 
2728 3.305664 
2729 3.193359 
2730 3.090820 
2731 2.983398 
2732 2.885742 
2733 2.783203 
2734 2.690430 
2735 2.587891 
2736 2.490234 
2737 2.382812 
2738 2.275391 
2739 2.158203 
2740 2.041016 
2741 1.918945 
2742 1.782227 
2743 1.645508 
2744 1.538086 
2745 1.416016 
2746 1.293945 
2747 1.152344 
2748 1.010742 
2749 0.869141 
2750 0.722656 
2751 0.581055 
2752 0.439453 
2753 0.288086 
2754 0.141602 
2755 0.019531 
2756 0.000000 
2757 0.004883 
2758 0.107422 
2759 0.239258 
2760 0.380859 
2761 0.512695 
2762 0.654297 
2763 0.781250 
2764 0.917969 
2765 1.040039 
2766 1.162109 
2767 1.284180 
2768 1.406250 
2769 1.523438 
2770 1.635742 
2771 1.752930 
2772 1.865234 
2773 1.972656 
2774 2.084961 
2775 2.197266 
2776 2.314453 
2777 2.421875 
2778 2.534180 
2779 2.631836 
2780 2.734375 
2781 2.832031 
2782 2.929688 
2783 3.027344 
2784 3.129883 
2785 3.217773 
2786 3.295898 
2787 3.383789 
2788 3.481445 
2789 2.250977 
2790 2.377930 
2791 2.480469 
2792 2.583008 
2793 2.685547 
2794 2.788086 
2795 2.880859 
2796 2.988281 
2797 3.085938 
2798 3.183594 
2799 3.256836 
2800 3.349609 
2801 3.437500 
2802 3.535156 
2803 3.618164 
2804 3.696289 
2805 3.759766 
2806 3.823242 
2807 3.872070 
2808 3.920898 
2809 3.964844 
2810 4.013672 
2811 4.052734 
2812 4.086914 
2813 4.111328 
2814 4.135742 
2815 4.160156 
2816 4.184570 
2817 4.199219 
2818 4.218750 
2819 4.228516 
2820 4.248047 
2821 4.257812 
2822 4.272461 
2823 4.277344 
2824 4.287109 
2825 4.287109 
2826 4.291992 
2827 4.287109 
2828 4.287109 
2829 4.277344 
2830 4.262695 
2831 4.233398 
2832 4.179688 
2833 4.106445 
2834 4.047852 
2835 3.959961 
2836 3.857422 
2837 3.759766 
2838 3.671875 
2839 3.569336 
2840 3.471680 
2841 3.369141 
2842 3.266602 
2843 3.159180 
2844 3.056641 
2845 2.954102 
2846 2.856445 
2847 2.753906 
2848 2.661133 
2849 2.558594 
2850 2.456055 
2851 2.343750 
2852 2.231445 
2853 2.114258 
2854 1.992188 
2855 1.870117 
2856 1.728516 
2857 1.616211 
2858 1.503906 
2859 1.376953 
2860 1.245117 
2861 1.103516 
2862 0.957031 
2863 0.815430 
2864 0.673828 
2865 0.532227 
2866 0.385742 
2867 0.229492 
2868 0.087891 
2869 0.000000 
2870 0.000000 
2871 0.034180 
2872 0.161133 
2873 0.288086 
2874 0.434570 
2875 0.571289 
2876 0.708008 
2877 0.834961 
2878 0.961914 
2879 1.083984 
2880 1.206055 
2881 1.323242 
2882 1.450195 
2883 1.567383 
2884 1.684570 
2885 1.796875 
2886 1.909180 
2887 2.016602 
2888 2.128906 
2889 2.241211 
2890 2.358398 
2891 2.465820 
2892 2.573242 
2893 2.675781 
2894 2.778320 
2895 2.875977 
2896 2.978516 
2897 3.071289 
2898 3.168945 
2899 3.242188 
2900 3.339844 
2901 3.432617 
2902 3.530273 
2903 3.613281 
2904 3.691406 
2905 3.754883 
2906 3.818359 
2907 3.867188 
2908 3.920898 
2909 3.959961 
2910 4.008789 
2911 4.047852 
2912 4.086914 
2913 4.106445 
2914 4.135742 
2915 4.160156 
2916 4.179688 
2917 4.194336 
2918 4.213867 
2919 4.223633 
2920 4.243164 
2921 4.252930 
2922 4.267578 
2923 4.272461 
2924 4.282227 
2925 4.287109 
2926 4.291992 
2927 4.287109 
2928 4.287109 
2929 4.277344 
2930 4.267578 
2931 4.238281 
2932 4.199219 
2933 4.130859 
2934 4.062500 
2935 3.974609 
2936 3.876953 
2937 3.774414 
2938 3.686523 
2939 3.588867 
2940 3.486328 
2941 3.383789 
2942 3.281250 
2943 3.168945 
2944 3.066406 
2945 2.963867 
2946 2.871094 
2947 2.773438 
2948 2.680664 
2949 2.578125 
2950 2.475586 
2951 2.363281 
2952 2.250977 
2953 2.133789 
2954 2.016602 
2955 1.894531 
2956 1.748047 
2957 1.630859 
2958 1.518555 
2959 1.396484 
2960 1.269531 
2961 1.127930 
2962 0.981445 
2963 0.834961 
2964 0.693359 
2965 0.546875 
2966 0.405273 
2967 0.258789 
2968 0.112305 
2969 0.000000 
2970 0.000000 
2971 0.019531 
2972 0.136719 
2973 0.268555 
2974 0.415039 
2975 0.546875 
2976 0.683594 
2977 0.815430 
2978 0.942383 
2979 1.064453 
2980 1.186523 
2981 1.308594 
2982 1.430664 
2983 1.547852 
2984 1.665039 
2985 1.777344 
2986 1.889648 
2987 1.997070 
2988 2.109375 
2989 2.226562 
2990 2.338867 
2991 0.874023 
2992 0.996094 
2993 1.118164 
2994 1.245117 
2995 1.362305 
2996 1.484375 
2997 1.596680 
2998 1.713867 
2999 1.821289 
3000 1.938477 
3001 2.045898 
3002 2.163086 
3003 2.275391 
3004 2.387695 
3005 2.495117 
3006 2.602539 
3007 2.700195 
3008 2.807617 
3009 2.895508 
3010 3.002930 
3011 3.095703 
3012 3.193359 
3013 3.271484 
3014 3.364258 
3015 3.452148 
3016 3.544922 
3017 3.627930 
3018 3.706055 
3019 3.769531 
3020 3.833008 
3021 3.881836 
3022 3.925781 
3023 3.969727 
3024 4.018555 
3025 4.057617 
3026 4.086914 
3027 4.111328 
3028 4.140625 
3029 4.165039 
3030 4.184570 
3031 4.199219 
3032 4.218750 
3033 4.233398 
3034 4.248047 
3035 4.257812 
3036 4.272461 
3037 4.277344 
3038 4.287109 
3039 4.287109 
3040 4.291992 
3041 4.287109 
3042 4.287109 
3043 4.277344 
3044 4.262695 
3045 4.228516 
3046 4.169922 
3047 4.096680 
3048 4.033203 
3049 3.940430 
3050 3.842773 
3051 3.745117 
3052 3.657227 
3053 3.554688 
3054 3.457031 
3055 3.354492 
3056 3.251953 
3057 3.139648 
3058 3.041992 
3059 2.934570 
3060 2.841797 
3061 2.739258 
3062 2.646484 
3063 2.548828 
3064 2.441406 
3065 2.329102 
3066 2.216797 
3067 2.099609 
3068 1.972656 
3069 1.855469 
3070 1.713867 
3071 1.596680 
3072 1.484375 
3073 1.352539 
3074 1.220703 
3075 1.079102 
3076 0.937500 
3077 0.791016 
3078 0.649414 
3079 0.507812 
3080 0.361328 
3081 0.209961 
3082 0.068359 
3083 0.000000 
3084 0.000000 
3085 0.053711 
3086 0.180664 
3087 0.312500 
3088 0.454102 
3089 0.590820 
3090 0.727539 
3091 0.854492 
3092 0.981445 
3093 1.103516 
3094 1.225586 
3095 1.342773 
3096 1.464844 
3097 1.582031 
3098 1.699219 
3099 1.811523 
3100 1.923828 
3101 2.031250 
3102 2.148438 
3103 2.255859 
3104 2.373047 
3105 2.480469 
3106 2.592773 
3107 2.690430 
3108 2.797852 
3109 2.890625 
3110 2.993164 
3111 3.085938 
3112 3.183594 
3113 3.261719 
3114 3.354492 
3115 3.447266 
3116 3.540039 
3117 3.623047 
3118 3.701172 
3119 3.764648 
3120 3.828125 
3121 3.876953 
3122 3.925781 
3123 3.964844 
3124 4.013672 
3125 4.052734 
3126 4.086914 
3127 4.111328 
3128 4.140625 
3129 4.160156 
3130 4.179688 
3131 4.194336 
3132 4.213867 
3133 4.228516 
3134 4.243164 
3135 4.252930 
3136 4.267578 
3137 4.272461 
3138 4.282227 
3139 4.287109 
3140 4.291992 
3141 4.287109 
3142 4.287109 
3143 4.277344 
3144 4.262695 
3145 4.238281 
3146 4.184570 
3147 4.111328 
3148 4.047852 
3149 3.959961 
3150 3.862305 
3151 3.764648 
3152 3.676758 
3153 3.574219 
3154 3.476562 
3155 3.369141 
3156 3.266602 
3157 3.154297 
3158 3.051758 
3159 2.949219 
3160 2.851562 
3161 2.753906 
3162 2.661133 
3163 2.558594 
3164 2.456055 
3165 2.343750 
3166 2.236328 
3167 2.114258 
3168 2.001953 
3169 1.875000 
3170 1.728516 
3171 1.611328 
3172 1.499023 
3173 1.376953 
3174 1.245117 
3175 1.103516 
3176 0.957031 
3177 0.810547 
3178 0.668945 
3179 0.527344 
3180 0.385742 
3181 0.234375 
3182 0.092773 
3183 0.000000 
3184 0.000000 
3185 0.034180 
3186 0.161133 
3187 0.288086 
3188 0.429688 
3189 0.566406 
3190 0.703125 
3191 0.834961 
3192 0.961914 
3193 0.458984 
3194 0.312500 
3195 0.161133 
3196 0.034180 
3197 0.000000 
3198 0.004883 
3199 0.092773 
3200 0.224609 
3201 0.361328 
3202 0.498047 
3203 0.634766 
3204 0.766602 
3205 0.898438 
3206 1.025391 
3207 1.147461 
3208 1.269531 
3209 1.381836 
3210 1.508789 
3211 1.621094 
3212 1.738281 
3213 1.850586 
3214 1.962891 
3215 2.070312 
3216 2.187500 
3217 2.294922 
3218 2.412109 
3219 2.514648 
3220 2.626953 
3221 2.724609 
3222 2.827148 
3223 2.919922 
3224 3.022461 
3225 3.115234 
3226 3.212891 
3227 3.291016 
3228 3.378906 
3229 3.471680 
3230 3.564453 
3231 3.647461 
3232 3.720703 
3233 3.779297 
3234 3.837891 
3235 3.891602 
3236 3.940430 
3237 3.979492 
3238 4.028320 
3239 4.067383 
3240 4.096680 
3241 4.116211 
3242 4.145508 
3243 4.169922 
3244 4.189453 
3245 4.204102 
3246 4.223633 
3247 4.233398 
3248 4.252930 
3249 4.262695 
3250 4.272461 
3251 4.277344 
3252 4.287109 
3253 4.291992 
3254 4.291992 
3255 4.287109 
3256 4.287109 
3257 4.272461 
3258 4.257812 
3259 4.208984 
3260 4.160156 
3261 4.091797 
3262 4.018555 
3263 3.916016 
3264 3.823242 
3265 3.725586 
3266 3.632812 
3267 3.535156 
3268 3.437500 
3269 3.330078 
3270 3.227539 
3271 3.120117 
3272 3.022461 
3273 2.915039 
3274 2.817383 
3275 2.719727 
3276 2.626953 
3277 2.519531 
3278 2.416992 
3279 2.304688 
3280 2.192383 
3281 2.070312 
3282 1.948242 
3283 1.826172 
3284 1.689453 
3285 1.577148 
3286 1.455078 
3287 1.328125 
3288 1.191406 
3289 1.049805 
3290 0.908203 
3291 0.761719 
3292 0.625000 
3293 0.478516 
3294 0.332031 
3295 0.180664 
3296 0.043945 
3297 0.000000 
3298 0.000000 
3299 0.073242 
3300 0.205078 
3301 0.336914 
3302 0.478516 
3303 0.620117 
3304 0.751953 
3305 0.883789 
3306 1.010742 
3307 1.127930 
3308 1.250000 
3309 1.367188 
3310 1.489258 
3311 1.611328 
3312 1.723633 
3313 1.835938 
3314 1.948242 
3315 2.055664 
3316 2.167969 
3317 2.280273 
3318 2.397461 
3319 2.504883 
3320 2.612305 
3321 2.714844 
3322 2.817383 
3323 2.905273 
3324 3.012695 
3325 3.105469 
3326 3.203125 
3327 3.281250 
3328 3.374023 
3329 3.461914 
3330 3.559570 
3331 3.642578 
3332 3.715820 
3333 3.774414 
3334 3.833008 
3335 3.886719 
3336 3.935547 
3337 3.974609 
3338 4.023438 
3339 4.062500 
3340 4.096680 
3341 4.116211 
3342 4.145508 
3343 4.165039 
3344 4.184570 
3345 4.199219 
3346 4.218750 
3347 4.228516 
3348 4.248047 
3349 4.257812 
3350 4.267578 
3351 4.277344 
3352 4.282227 
3353 4.287109 
3354 4.291992 
3355 4.287109 
3356 4.282227 
3357 4.272461 
3358 4.262695 
3359 4.228516 
3360 4.174805 
3361 4.101562 
3362 4.033203 
3363 3.940430 
3364 3.842773 
3365 3.745117 
3366 3.652344 
3367 3.554688 
3368 3.452148 
3369 3.349609 
3370 3.242188 
3371 3.134766 
3372 3.032227 
3373 2.929688 
3374 2.832031 
3375 2.739258 
3376 2.641602 
3377 2.539062 
3378 2.431641 
3379 2.319336 
3380 2.207031 
3381 2.089844 
3382 1.972656 
3383 1.840820 
3384 1.704102 
3385 1.586914 
3386 1.474609 
3387 1.352539 
3388 1.215820 
3389 1.074219 
3390 0.927734 
3391 0.786133 
3392 0.644531 
3393 0.502930 
3394 0.356445 
3395 2.026367 
3396 1.904297 
3397 1.757812 
3398 1.635742 
3399 1.518555 
3400 1.406250 
3401 1.274414 
3402 1.137695 
3403 0.991211 
3404 0.844727 
3405 0.698242 
3406 0.556641 
3407 0.410156 
3408 0.263672 
3409 0.122070 
3410 0.009766 
3411 0.000000 
3412 0.019531 
3413 0.126953 
3414 0.263672 
3415 0.405273 
3416 0.541992 
3417 0.678711 
3418 0.805664 
3419 0.937500 
3420 1.059570 
3421 1.176758 
3422 1.298828 
3423 1.420898 
3424 1.538086 
3425 1.650391 
3426 1.767578 
3427 1.879883 
3428 1.987305 
3429 2.099609 
3430 2.216797 
3431 2.329102 
3432 2.441406 
3433 2.548828 
3434 2.651367 
3435 2.749023 
3436 2.851562 
3437 2.949219 
3438 3.051758 
3439 3.144531 
3440 3.242188 
3441 3.320312 
3442 3.408203 
3443 3.500977 
3444 3.593750 
3445 3.666992 
3446 3.740234 
3447 3.798828 
3448 3.857422 
3449 3.901367 
3450 3.950195 
3451 3.994141 
3452 4.042969 
3453 4.072266 
3454 4.101562 
3455 4.125977 
3456 4.155273 
3457 4.174805 
3458 4.194336 
3459 4.208984 
3460 4.228516 
3461 4.238281 
3462 4.252930 
3463 4.262695 
3464 4.277344 
3465 4.282227 
3466 4.287109 
3467 4.287109 
3468 4.291992 
3469 4.287109 
3470 4.282227 
3471 4.267578 
3472 4.248047 
3473 4.199219 
3474 4.140625 
3475 4.072266 
3476 3.994141 
3477 3.891602 
3478 3.798828 
3479 3.701172 
3480 3.603516 
3481 3.505859 
3482 3.408203 
3483 3.300781 
3484 3.198242 
3485 3.085938 
3486 2.988281 
3487 2.885742 
3488 2.792969 
3489 2.695312 
3490 2.597656 
3491 2.495117 
3492 2.387695 
3493 2.275391 
3494 2.163086 
3495 2.036133 
3496 1.918945 
3497 1.782227 
3498 1.660156 
3499 1.538086 
3500 1.420898 
3501 1.293945 
3502 1.157227 
3503 1.015625 
3504 0.869141 
3505 0.722656 
3506 0.581055 
3507 0.434570 
3508 0.283203 
3509 0.141602 
3510 0.014648 
3511 0.000000 
3512 0.004883 
3513 0.112305 
3514 0.244141 
3515 0.385742 
3516 0.522461 
3517 0.659180 
3518 0.791016 
3519 0.917969 
3520 1.044922 
3521 1.166992 
3522 1.284180 
3523 1.401367 
3524 1.523438 
3525 1.635742 
3526 1.757812 
3527 1.870117 
3528 1.977539 
3529 2.089844 
3530 2.207031 
3531 2.314453 
3532 2.431641 
3533 2.539062 
3534 2.641602 
3535 2.739258 
3536 2.846680 
3537 2.934570 
3538 3.037109 
3539 3.129883 
3540 3.232422 
3541 3.305664 
3542 3.403320 
3543 3.496094 
3544 3.583984 
3545 3.662109 
3546 3.735352 
3547 3.793945 
3548 3.852539 
3549 3.901367 
3550 3.950195 
3551 3.989258 
3552 4.038086 
3553 4.072266 
3554 4.101562 
3555 4.121094 
3556 4.150391 
3557 4.169922 
3558 4.194336 
3559 4.204102 
3560 4.223633 
3561 4.233398 
3562 4.252930 
3563 4.257812 
3564 4.272461 
3565 4.277344 
3566 4.287109 
3567 4.287109 
3568 4.291992 
3569 4.287109 
3570 4.282227 
3571 4.272461 
3572 4.252930 
3573 4.204102 
3574 4.155273 
3575 4.082031 
3576 4.008789 
3577 3.906250 
3578 3.813477 
3579 3.720703 
3580 3.618164 
